$vars: qsquared (GeV^2) & w (GeV) & costhkcm & transf_pol_z -sysErr & transf_pol_x -sysErr
$const: E_beam 5.754 (GeV)


2.610       1.753      0.9800      0.7644      0.0813      0.0615      0.2330      0.0776      0.0521
2.610       1.753      0.9350      0.6920      0.0736      0.0598     -0.0781      0.0718      0.0511
2.610       1.753      0.8810      0.6771      0.0690      0.0594      0.0628      0.0700      0.0511
2.610       1.753      0.8160      0.6843      0.0712      0.0596      0.0417      0.0715      0.0510
2.610       1.753      0.7450      0.7531      0.0742      0.0612     -0.0892      0.0730      0.0512
2.610       1.753      0.6690      0.6768      0.0781      0.0594     -0.0316      0.0800      0.0510
2.610       1.753      0.5840      0.5764      0.0773      0.0572      0.0463      0.0790      0.0510
2.610       1.753      0.4810      0.7208      0.0772      0.0604     -0.1916      0.0766      0.0517
2.610       1.753      0.3590      0.6958      0.0745      0.0598     -0.1238      0.0739      0.0513
2.610       1.753      0.2090      0.6710      0.0706      0.0593      0.0252      0.0703      0.0510
2.610       1.753     -0.0050      0.5308      0.0678      0.0563      0.0481      0.0680      0.0510
2.610       1.753     -0.6100      0.5150      0.0629      0.0560      0.0362      0.0608      0.0510
2.560       1.985      0.9800      0.8301      0.0650      0.0632      0.1323      0.0616      0.0513
2.560       1.985      0.9350      0.7047      0.0680      0.0601      0.0504      0.0659      0.0511
2.560       1.985      0.8810      0.5598      0.0712      0.0569      0.0969      0.0723      0.0512
2.560       1.985      0.8160      0.6606      0.0798      0.0590     -0.0961      0.0795      0.0512
2.560       1.985      0.7450      0.6038      0.0846      0.0578      0.0138      0.0836      0.0510
2.560       1.985      0.6690      0.4384      0.0838      0.0547      0.0225      0.0844      0.0510
2.560       1.985      0.5840      0.6024      0.0818      0.0578      0.0742      0.0807      0.0511
2.560       1.985      0.4810      0.5665      0.0748      0.0570      0.0335      0.0743      0.0510
2.560       1.985      0.3590      0.6304      0.0748      0.0584      0.1505      0.0739      0.0514
2.560       1.985      0.2090      0.5323      0.0746      0.0563      0.0318      0.0755      0.0510
2.560       1.985     -0.0050      0.4669      0.0746      0.0552     -0.0304      0.0752      0.0510
2.560       1.985     -0.6100      0.3983      0.0987      0.0541      0.1572      0.0937      0.0515
2.410       2.314      0.9800      0.5924      0.0643      0.0575      0.1840      0.0651      0.0517
2.410       2.314      0.9350      0.7949      0.0732      0.0623      0.1085      0.0737      0.0512
2.410       2.314      0.8810      0.8351      0.0768      0.0633      0.0064      0.0770      0.0510
2.410       2.314      0.8160      0.6580      0.0726      0.0590      0.2376      0.0736      0.0521
2.410       2.314      0.7450      0.5347      0.0678      0.0564     -0.0949      0.0680      0.0512
2.410       2.314      0.6690      0.5880      0.0674      0.0575      0.0102      0.0693      0.0510
2.410       2.314      0.5840      0.7087      0.0676      0.0602      0.0094      0.0684      0.0510
2.410       2.314      0.4810      0.6725      0.0719      0.0593     -0.0919      0.0721      0.0512
2.410       2.314      0.3590      0.5102      0.0805      0.0559      0.0729      0.0803      0.0511
2.410       2.314      0.2090      0.4809      0.0862      0.0554      0.1411      0.0868      0.0514
2.410       2.314     -0.0050      0.3826      0.1004      0.0538      0.3131      0.0983      0.0529
2.410       2.314     -0.6100      0.2280      0.1764      0.0520      0.0556      0.1701      0.0511
2.540       1.634      0.1041      0.5985      0.0971      0.0577     -0.1233      0.0967      0.0513
2.540       1.677      0.1555      0.6458      0.0540      0.0587      0.0670      0.0523      0.0511
2.540       1.725      0.2098      0.5825      0.0440      0.0573     -0.0049      0.0416      0.0510
2.540       1.774      0.2620      0.6815      0.0448      0.0595     -0.0030      0.0424      0.0510
2.540       1.824      0.3119      0.6883      0.0472      0.0597     -0.0472      0.0449      0.0510
2.540       1.875      0.3592      0.6315      0.0469      0.0584      0.0791      0.0449      0.0511
2.540       1.924      0.4013      0.5666      0.0488      0.0570      0.0461      0.0465      0.0510
2.540       1.974      0.4408      0.5582      0.0510      0.0569      0.0166      0.0497      0.0510
2.540       2.025      0.4776      0.5844      0.0526      0.0574      0.0738      0.0509      0.0511
2.540       2.075      0.5101      0.6628      0.0549      0.0591      0.0105      0.0530      0.0510
2.540       2.125      0.5392      0.5215      0.0559      0.0561      0.1193      0.0548      0.0513
2.540       2.174      0.5644      0.6401      0.0574      0.0586      0.0705      0.0557      0.0511
2.540       2.225      0.5871      0.5100      0.0587      0.0559      0.0800      0.0586      0.0511
2.540       2.275      0.6058      0.5813      0.0626      0.0573      0.1116      0.0613      0.0512
2.540       2.324      0.6208      0.6370      0.0642      0.0585     -0.0047      0.0654      0.0510
2.540       2.375      0.6330      0.5624      0.0685      0.0569      0.0348      0.0682      0.0510
2.540       2.424      0.6412      0.7541      0.0736      0.0613      0.1106      0.0755      0.0512
2.540       2.474      0.6463      0.6489      0.0786      0.0588      0.1663      0.0811      0.0515
2.540       2.524      0.6478      0.6599      0.0848      0.0590     -0.0093      0.0874      0.0510
2.540       2.574      0.6459      0.7562      0.0919      0.0613      0.1135      0.0960      0.0513
1.515       1.990      0.4300      0.5579      0.0573      0.0568      0.0763      0.0573      0.0511
1.676       1.990      0.4300      0.7220      0.0569      0.0605      0.0604      0.0552      0.0511
1.791       1.990      0.4300      0.5979      0.0560      0.0577      0.1167      0.0559      0.0513
1.885       1.990      0.4300      0.5073      0.0544      0.0559      0.0632      0.0536      0.0511
1.966       1.990      0.4300      0.6083      0.0583      0.0579     -0.0002      0.0569      0.0510
2.039       1.990      0.4300      0.6731      0.0550      0.0593     -0.0365      0.0536      0.0510
2.124       1.990      0.4300      0.5772      0.0529      0.0572      0.0220      0.0517      0.0510
2.215       1.990      0.4300      0.5958      0.0531      0.0576      0.0971      0.0529      0.0512
2.305       1.990      0.4300      0.6136      0.0542      0.0580      0.0094      0.0524      0.0510
2.394       1.990      0.4300      0.5624      0.0564      0.0569      0.1033      0.0551      0.0512
2.490       1.990      0.4300      0.5363      0.0563      0.0564      0.0694      0.0558      0.0511
2.589       1.990      0.4300      0.5976      0.0576      0.0577      0.0231      0.0563      0.0510
2.699       1.990      0.4300      0.5788      0.0547      0.0573      0.0515      0.0536      0.0511
2.828       1.990      0.4300      0.6533      0.0546      0.0589      0.0491      0.0526      0.0510
2.982       1.990      0.4300      0.6623      0.0534      0.0591      0.0467      0.0524      0.0510
3.156       1.990      0.4300      0.7026      0.0556      0.0600      0.0096      0.0547      0.0510
3.353       1.990      0.4300      0.7212      0.0579      0.0605      0.0395      0.0552      0.0510
3.597       1.990      0.4300      0.6169      0.0553      0.0581      0.0298      0.0535      0.0510
3.954       1.990      0.4300      0.7021      0.0571      0.0600     -0.1156      0.0547      0.0513
4.617       1.990      0.4300      0.7008      0.0580      0.0600      0.0374      0.0569      0.0510


# Extra info:
#  - Systematic uncertainties are given by 
#    0.051 added in quadrature to 0.045*P'_Lambda.
#  - these data were sent to us by D.Carman on Dec,22 2009

# Results published in:
# Carman et al.
# Beam-recoil polarization transfer in the nucleon resonance region in
# the exclusive ep->e'K+L and ep->e'KS0 reactions at the CLAS spectrometer
# Phys.Rev.C 79, 065205 (2009)
