# ::::::::::::::::::::::::::::::::::::
# ::     JLab: CLAS (K+ Lambda)     ::
# ::::::::::::::::::::::::::::::::::::


# D. S. Carman et al., Phys. Rev. C 87, 025204 (2013)


$vars: / & qsquared (GeV^2) & w (GeV) & costhkcm & diff_t+l -sysErr:rel:0.10 (nb) & diff_tl_unpol -sysErr:rel:0.10 (nb) & diff_tt_unpol -sysErr:rel:0.10 (nb)

$const: E_beam 5.499 (GeV)


#            Q^2        W      cos      sigma_U        error     sigma_LT        error     sigma_TT        error
# --------------------------------------------------------------------------------------------------------------
   1.00   1.8000   1.6300  -0.7750       76.344        4.610        4.392        5.165        6.624        7.954
   2.00   1.8000   1.6300  -0.5250       66.200        4.318        3.693        4.481      -17.216        7.462
   3.00   1.8000   1.6300  -0.3000       50.957        4.192        7.654        4.541        0.549        7.028
   4.00   1.8000   1.6300  -0.1000       55.231        4.076       -2.075        4.463        8.064        7.144
   5.00   1.8000   1.6300   0.1000       38.716        3.214       -4.783        3.584       10.601        5.768
   6.00   1.8000   1.6300   0.3000       61.300        3.886       -6.968        4.181       -0.360        7.075
   7.00   1.8000   1.6300   0.5000       55.520        3.912      -11.009        3.795      -13.567        7.144
   8.00   1.8000   1.6300   0.6750       53.389        4.479       -2.253        4.457       -7.855        8.032
   9.00   1.8000   1.6300   0.8250       72.800        5.621        8.341        5.910        1.791        9.834
  10.00   1.8000   1.6300   0.9500       66.561        7.794        0.627        8.780        7.033       13.951
  11.00   1.8000   1.6750  -0.7750       92.053        4.539       -1.470        5.068       -1.273        8.072
  12.00   1.8000   1.6750  -0.5250       84.724        3.890       -1.785        4.565       -4.107        7.133
  13.00   1.8000   1.6750  -0.3000       85.306        4.021        5.069        4.646       -5.296        7.323
  14.00   1.8000   1.6750  -0.1000       80.557        3.941      -10.179        4.432        7.057        7.146
  15.00   1.8000   1.6750   0.1000       88.336        4.265      -18.198        4.234      -14.346        7.727
  16.00   1.8000   1.6750   0.3000       90.775        4.212      -17.169        4.189       -8.505        7.681
  17.00   1.8000   1.6750   0.5000      111.720        4.058      -18.896        4.274        8.626        7.444
  18.00   1.8000   1.6750   0.6750      157.493        5.144      -21.926        5.262       -8.456        9.452
  19.00   1.8000   1.6750   0.8250      181.944        5.440       -9.288        5.607      -17.060        9.940
  20.00   1.8000   1.6750   0.9500      244.912        8.434       -5.819        9.202       -4.245       15.394
  21.00   1.8000   1.7250  -0.7750       62.545        3.562        6.836        4.403        2.069        6.545
  22.00   1.8000   1.7250  -0.5250       48.637        2.410       -4.959        2.826      -14.994        4.642
  23.00   1.8000   1.7250  -0.3000       64.236        2.791      -18.724        3.051      -17.690        5.132
  24.00   1.8000   1.7250  -0.1000       72.600        2.975      -20.315        3.514        1.682        5.559
  25.00   1.8000   1.7250   0.1000      103.985        3.630      -26.415        4.181       -5.346        6.803
  26.00   1.8000   1.7250   0.3000      126.715        4.465      -25.153        5.210        7.104        8.204
  27.00   1.8000   1.7250   0.5000      173.094        5.423      -25.880        5.706       14.784        9.530
  28.00   1.8000   1.7250   0.6750      222.203        5.564      -29.685       10.168       -3.699        4.628
  29.00   1.8000   1.7250   0.8250      286.963        5.787      -21.821        6.284       -6.495       10.676
  30.00   1.8000   1.7250   0.9500      359.912        8.890       -5.383        9.723       -2.334       16.363
  31.00   1.8000   1.7750  -0.7750       22.583        2.347        5.321        3.074        5.349        4.088
  32.00   1.8000   1.7750  -0.5250       33.331        1.960       -8.016        2.469       -9.157        3.868
  33.00   1.8000   1.7750  -0.3000       57.427        2.586      -23.652        3.125      -10.671        4.876
  34.00   1.8000   1.7750  -0.1000       74.602        2.771      -21.461        3.305       -6.437        5.250
  35.00   1.8000   1.7750   0.1000      111.824        3.226      -25.890        3.812       -5.805        6.116
  36.00   1.8000   1.7750   0.3000      133.959        3.719      -28.706        4.465      -11.346        7.180
  37.00   1.8000   1.7750   0.5000      175.972        4.738      -31.101        5.568       12.377        8.846
  38.00   1.8000   1.7750   0.6750      204.616        5.894      -19.415        6.028       -0.771       10.611
  39.00   1.8000   1.7750   0.8250      247.120        5.033       -6.498        5.675        3.798        9.436
  40.00   1.8000   1.7750   0.9500      303.890        6.946        0.271        7.930       14.748       12.951
  41.00   1.8000   1.8250  -0.7750       27.227        2.460        8.975        3.161       -3.063        4.445
  42.00   1.8000   1.8250  -0.5250       32.224        1.849       -0.884        2.045      -13.886        3.533
  43.00   1.8000   1.8250  -0.3000       52.674        2.336      -18.030        2.883       -3.474        4.458
  44.00   1.8000   1.8250  -0.1000       71.238        2.968      -10.717        4.175       -0.634        6.176
  45.00   1.8000   1.8250   0.1000       85.341        2.739      -15.259        3.459        4.913        5.357
  46.00   1.8000   1.8250   0.3000      119.084        3.167      -28.920        3.878       -7.230        6.148
  47.00   1.8000   1.8250   0.5000      136.231        3.730      -16.624        4.846        0.410        7.587
  48.00   1.8000   1.8250   0.6750      163.855        5.278      -12.401        5.366      -15.518        9.559
  49.00   1.8000   1.8250   0.8250      204.949        4.545      -20.419        4.942      -24.898        8.648
  50.00   1.8000   1.8250   0.9500      286.487        6.225      -18.771        7.255      -17.842       11.732
  51.00   1.8000   1.8750  -0.7750       33.422        2.204       -4.076        2.696        3.112        4.231
  52.00   1.8000   1.8750  -0.5250       35.432        1.787       -0.461        2.016       -8.264        3.421
  53.00   1.8000   1.8750  -0.3000       42.126        1.933      -12.409        2.287       -1.971        3.721
  54.00   1.8000   1.8750  -0.1000       51.044        2.128      -15.067        2.648       -7.953        4.169
  55.00   1.8000   1.8750   0.1000       80.835        2.876      -14.237        3.957       -2.948        5.869
  56.00   1.8000   1.8750   0.3000       89.921        2.587      -14.172        3.193      -15.009        5.156
  57.00   1.8000   1.8750   0.5000      131.759        3.333       -4.113        4.427        7.959        6.901
  58.00   1.8000   1.8750   0.6750      156.688        4.856      -15.164        5.472       -1.346        8.899
  59.00   1.8000   1.8750   0.8250      188.170        4.369       -8.223        4.835        0.523        8.337
  60.00   1.8000   1.8750   0.9500      271.251        5.749      -13.486        6.928       -7.443       11.099
  61.00   1.8000   1.9250  -0.7750       27.031        1.979        0.736        2.554       12.302        3.748
  62.00   1.8000   1.9250  -0.5250       24.180        1.394       -0.338        1.570       -8.355        2.727
  63.00   1.8000   1.9250  -0.3000       24.822        1.426       -2.180        1.706       -2.593        2.797
  64.00   1.8000   1.9250  -0.1000       36.896        1.761       -8.437        2.132       -6.328        3.490
  65.00   1.8000   1.9250   0.1000       46.913        2.009      -15.607        2.742      -11.717        4.197
  66.00   1.8000   1.9250   0.3000       77.949        2.454      -11.029        3.348       -5.682        5.178
  67.00   1.8000   1.9250   0.5000      107.040        2.698      -14.391        3.431        0.885        5.532
  68.00   1.8000   1.9250   0.6750      133.850        4.340       -7.409        5.450        1.799        8.335
  69.00   1.8000   1.9250   0.8250      187.544        4.408       -6.221        4.842       -0.153        8.414
  70.00   1.8000   1.9250   0.9500      258.416        5.275      -13.708        6.327       -1.508       10.371
  71.00   1.8000   1.9750  -0.7750       25.178        1.771        1.337        2.271        3.012        3.486
  72.00   1.8000   1.9750  -0.5250       11.039        0.890        1.571        1.068       -1.891        1.713
  73.00   1.8000   1.9750  -0.3000       14.053        1.157       -1.055        1.397       -1.211        2.309
  74.00   1.8000   1.9750  -0.1000       21.799        1.340       -6.038        1.525       -6.702        2.678
  75.00   1.8000   1.9750   0.1000       40.692        1.794      -12.815        2.268      -12.470        3.675
  76.00   1.8000   1.9750   0.3000       63.626        2.217      -17.491        3.105      -11.993        4.787
  77.00   1.8000   1.9750   0.5000       96.620        2.481       -3.764        3.296        1.465        5.239
  78.00   1.8000   1.9750   0.6750      113.250        3.812       -5.780        5.089        6.848        7.679
  79.00   1.8000   1.9750   0.8250      154.553        4.228       -6.056        4.962       21.237        7.941
  80.00   1.8000   1.9750   0.9500      247.780        4.911      -19.916        5.925       23.196        9.853
  81.00   1.8000   2.0250  -0.7750        7.431        1.011        2.392        1.326        1.898        1.901
  82.00   1.8000   2.0250  -0.5250        4.266        0.594        1.114        0.702       -1.460        1.143
  83.00   1.8000   2.0250  -0.3000        8.249        0.863       -3.179        1.007       -2.140        1.794
  84.00   1.8000   2.0250  -0.1000       17.626        1.159       -6.089        1.349       -5.462        2.349
  85.00   1.8000   2.0250   0.1000       36.631        1.607       -9.165        1.981       -8.401        3.282
  86.00   1.8000   2.0250   0.3000       53.227        2.070      -12.096        3.040       -8.126        4.588
  87.00   1.8000   2.0250   0.5000       74.726        2.149       -4.601        2.971       -6.931        4.700
  88.00   1.8000   2.0250   0.6750       93.162        3.126       -6.199        4.273       -9.856        6.712
  89.00   1.8000   2.0250   0.8250      127.029        4.044      -12.532        4.795        5.944        7.697
  90.00   1.8000   2.0250   0.9500      224.677        4.534      -20.301        5.529       22.948        9.273
  91.00   1.8000   2.0750  -0.7750        3.617        0.701        0.470        0.888       -0.452        1.418
  92.00   1.8000   2.0750  -0.5250        2.154        0.472        0.633        0.593       -0.201        0.915
  93.00   1.8000   2.0750  -0.3000        9.821        0.962       -4.010        1.193       -1.152        2.006
  94.00   1.8000   2.0750  -0.1000       17.950        1.112       -4.550        1.351       -3.316        2.329
  95.00   1.8000   2.0750   0.1000       27.363        1.334       -7.170        1.618       -8.420        2.798
  96.00   1.8000   2.0750   0.3000       43.720        1.724      -15.333        2.358      -12.863        3.751
  97.00   1.8000   2.0750   0.5000       64.840        2.139       -0.813        3.247       -3.495        4.984
  98.00   1.8000   2.0750   0.6750       88.089        3.013       -3.445        4.360        6.019        6.747
  99.00   1.8000   2.0750   0.8250      127.830        4.398      -12.821        5.438        6.360        8.262
 100.00   1.8000   2.0750   0.9500      233.279        4.728       -8.143        5.893       16.510        9.919
 101.00   1.8000   2.1250  -0.7750        1.072        0.544        0.468        0.742        0.404        0.968
 102.00   1.8000   2.1250  -0.5250        2.133        0.457        0.490        0.585       -0.207        0.932
 103.00   1.8000   2.1250  -0.3000        6.925        0.759       -3.768        0.956       -1.348        1.667
 104.00   1.8000   2.1250  -0.1000       11.408        0.891       -3.384        1.125       -1.496        1.919
 105.00   1.8000   2.1250   0.1000       21.016        1.131       -4.729        1.452       -2.650        2.443
 106.00   1.8000   2.1250   0.3000       35.946        1.508       -6.587        1.971      -11.704        3.221
 107.00   1.8000   2.1250   0.5000       52.237        2.043       -3.963        3.169       -5.995        4.794
 108.00   1.8000   2.1250   0.6750       78.549        2.729       -8.973        3.942       -3.984        6.240
 109.00   1.8000   2.1250   0.8250      131.838        4.731      -12.736        6.511       25.950        9.351
 110.00   1.8000   2.1250   0.9500      216.705        4.576       -4.123        5.864       14.374        9.862
 111.00   1.8000   2.1750  -0.7750        0.615        0.410        0.496        0.575        0.150        0.700
 112.00   1.8000   2.1750  -0.5250        1.215        0.372        0.215        0.471       -0.340        0.805
 113.00   1.8000   2.1750  -0.3000        3.723        0.511       -2.369        0.698        0.712        1.205
 114.00   1.8000   2.1750  -0.1000        8.442        0.779       -3.437        0.986       -1.921        1.731
 115.00   1.8000   2.1750   0.1000       15.331        0.977       -3.639        1.270       -2.018        2.185
 116.00   1.8000   2.1750   0.3000       29.318        1.370       -6.916        1.877       -2.000        3.054
 117.00   1.8000   2.1750   0.5000       47.444        2.282        1.396        3.782       -1.904        5.529
 118.00   1.8000   2.1750   0.6750       74.630        2.625       -9.092        3.897      -10.737        6.241
 119.00   1.8000   2.1750   0.8250      110.492        4.347      -21.244        5.937       -5.451        9.028
 120.00   1.8000   2.1750   0.9500      226.210        4.853       -0.387        6.423        6.357       10.778
 121.00   1.8000   2.2250  -0.7750        0.747        0.422        0.372        0.554       -0.297        0.897
 122.00   1.8000   2.2250  -0.5250        0.896        0.303        0.318        0.426        0.259        0.635
 123.00   1.8000   2.2250  -0.3000        3.057        0.502       -2.090        0.700        0.425        1.172
 124.00   1.8000   2.2250  -0.1000        5.304        0.644       -2.256        0.855       -0.994        1.471
 125.00   1.8000   2.2250   0.1000       13.459        0.931       -2.987        1.224       -3.464        2.155
 126.00   1.8000   2.2250   0.3000       21.759        1.191       -3.020        1.610       -4.137        2.723
 127.00   1.8000   2.2250   0.5000       45.294        2.178       -2.703        3.548       -4.714        5.229
 128.00   1.8000   2.2250   0.6750       69.843        2.609       -2.058        4.028       -5.571        6.353
 129.00   1.8000   2.2250   0.8250      104.070        4.077      -29.275        5.584      -21.914        9.139
 130.00   1.8000   2.2250   0.9500      206.146        4.867       -1.311        6.627        1.892       11.144
 131.00   1.8000   2.2750  -0.7750        1.319        0.435        0.856        0.636        0.324        0.906
 132.00   1.8000   2.2750  -0.5250        0.592        0.283        0.118        0.341       -0.426        0.665
 133.00   1.8000   2.2750  -0.3000        2.130        0.454       -1.001        0.597       -0.830        1.081
 134.00   1.8000   2.2750  -0.1000        4.144        0.579       -2.248        0.795       -0.924        1.378
 135.00   1.8000   2.2750   0.1000        8.947        0.782       -2.374        1.071       -1.451        1.886
 136.00   1.8000   2.2750   0.3000       18.905        1.111       -2.558        1.575       -1.649        2.662
 137.00   1.8000   2.2750   0.5000       32.077        1.525      -12.799        2.220      -15.942        3.676
 138.00   1.8000   2.2750   0.6750       60.098        2.586       -2.432        4.174      -15.815        6.582
 139.00   1.8000   2.2750   0.8250      104.867        4.367      -11.890        6.600      -14.220       10.016
 140.00   1.8000   2.2750   0.9500      197.126        5.115       -9.335        7.007      -14.887       12.164
 141.00   1.8000   2.3250  -0.7750        1.151        0.378        0.397        0.527       -0.475        0.912
 142.00   1.8000   2.3250  -0.5250        0.322        0.249        0.129        0.372        0.089        0.587
 143.00   1.8000   2.3250  -0.3000        1.493        0.416       -0.247        0.608       -0.080        1.054
 144.00   1.8000   2.3250  -0.1000        1.607        0.444       -0.496        0.647       -0.246        1.126
 145.00   1.8000   2.3250   0.1000        8.711        0.736       -2.167        1.076        0.148        1.861
 146.00   1.8000   2.3250   0.3000       14.521        0.963       -2.815        1.367       -5.027        2.435
 147.00   1.8000   2.3250   0.5000       28.391        1.548       -6.791        2.375       -9.985        3.846
 148.00   1.8000   2.3250   0.6750       59.630        2.772       -4.050        4.702      -18.449        7.305
 149.00   1.8000   2.3250   0.8250       91.286        4.176       -9.400        6.744      -10.485       10.250
 150.00   1.8000   2.3250   0.9500      195.204        5.524      -21.990        7.741      -11.441       13.691
 151.00   1.8000   2.3750  -0.7750        0.995        0.321        0.796        0.536       -0.086        0.888
 152.00   1.8000   2.3750  -0.5250        0.286        0.218        0.108        0.372        0.131        0.614
 153.00   1.8000   2.3750  -0.3000        1.247        0.370       -0.355        0.468       -1.303        0.989
 154.00   1.8000   2.3750  -0.1000        2.815        0.492       -0.586        0.733       -0.788        1.310
 155.00   1.8000   2.3750   0.1000        4.328        0.564       -1.745        0.842       -0.379        1.488
 156.00   1.8000   2.3750   0.3000       13.040        0.898       -1.623        1.373       -1.659        2.378
 157.00   1.8000   2.3750   0.5000       28.562        1.520       -6.545        2.408       -6.180        3.944
 158.00   1.8000   2.3750   0.6750       55.829        2.936       -4.554        5.314      -11.836        8.113
 159.00   1.8000   2.3750   0.8250       89.385        4.015      -10.644        6.692      -23.331       10.583
 160.00   1.8000   2.3750   0.9500      166.379        5.398      -29.836        7.829       -8.228       14.215
 161.00   1.8000   2.4250  -0.7750        0.526        0.227        0.354        0.321       -0.354        0.608
 162.00   1.8000   2.4250  -0.5250        1.021        0.267        0.560        0.446        0.931        0.694
 163.00   1.8000   2.4250  -0.3000        0.305        0.218       -0.013        0.348       -0.033        0.615
 164.00   1.8000   2.4250  -0.1000        1.481        0.368       -0.670        0.556       -0.595        1.017
 165.00   1.8000   2.4250   0.1000        3.611        0.516       -1.936        0.806       -0.412        1.419
 166.00   1.8000   2.4250   0.3000        9.910        0.804       -1.173        1.276       -0.918        2.250
 167.00   1.8000   2.4250   0.5000       22.712        1.255       -6.876        1.949      -10.334        3.488
 168.00   1.8000   2.4250   0.6750       47.759        2.451       -5.183        4.118      -21.413        6.669
 169.00   1.8000   2.4250   0.8250       69.949        3.386      -19.103        5.497      -35.685        9.474
 170.00   1.8000   2.4250   0.9500      158.855        5.975      -20.212        8.921      -18.023       16.160
 171.00   1.8000   2.4750  -0.7750        1.190        0.272        0.295        0.380       -1.414        0.812
 172.00   1.8000   2.4750  -0.5250        0.261        0.182        0.106        0.309        0.073        0.528
 173.00   1.8000   2.4750  -0.3000        0.635        0.257       -0.121        0.414       -0.105        0.764
 174.00   1.8000   2.4750  -0.1000        1.049        0.305       -0.745        0.503        0.195        0.883
 175.00   1.8000   2.4750   0.1000        4.185        0.481       -1.728        0.806        0.685        1.418
 176.00   1.8000   2.4750   0.3000        7.467        0.677       -1.465        1.115       -0.907        2.009
 177.00   1.8000   2.4750   0.5000       19.068        1.133       -5.628        1.810       -9.935        3.329
 178.00   1.8000   2.4750   0.6750       40.000        0.000       -1.747        0.000      -23.759        0.000
 179.00   1.8000   2.4750   0.8250       62.170        3.208      -16.290        5.418      -58.120        9.590
 180.00   1.8000   2.4750   0.9500      142.048        5.008      -27.197        8.655      -14.850        5.947
 181.00   1.8000   2.5250  -0.7750        0.542        0.228        0.324        0.421       -0.018        0.726
 182.00   1.8000   2.5250  -0.5250        0.033        0.080        0.004        0.139       -0.003        0.253
 183.00   1.8000   2.5250  -0.3000        0.190        0.167        0.022        0.276       -0.035        0.518
 184.00   1.8000   2.5250  -0.1000        1.139        0.275       -0.569        0.504        0.971        0.871
 185.00   1.8000   2.5250   0.1000        0.858        0.313       -0.308        0.565        0.241        1.006
 186.00   1.8000   2.5250   0.3000        6.619        0.607       -1.199        1.062        0.116        1.913
 187.00   1.8000   2.5250   0.5000       14.121        0.998       -2.634        1.699       -3.845        3.072
 188.00   1.8000   2.5250   0.6750       32.728        2.297       -1.327        4.236      -19.686        6.677
 189.00   1.8000   2.5250   0.8250       59.679        3.378      -13.190        6.679      -40.798       10.964
 190.00   1.8000   2.5250   0.9500      125.285        5.543      -31.047        8.584      -15.969       16.910
 191.00   1.8000   2.5750  -0.7750        0.138        0.143        0.165        0.276       -0.045        0.548
 192.00   1.8000   2.5750  -0.5250        0.049        0.090        0.067        0.192        0.025        0.270
 193.00   1.8000   2.5750  -0.3000        0.066        0.097        0.002        0.200       -0.013        0.328
 194.00   1.8000   2.5750  -0.1000        0.823        0.223       -0.447        0.411        0.115        0.758
 195.00   1.8000   2.5750   0.1000        1.813        0.342       -1.593        0.631        0.627        1.067
 196.00   1.8000   2.5750   0.3000        3.404        0.455       -1.276        0.814       -0.862        1.552
 197.00   1.8000   2.5750   0.5000       11.764        0.865       -2.910        1.497       -3.791        2.885
 198.00   1.8000   2.5750   0.6750       27.487        1.877       -4.234        3.375      -22.766        5.878
 199.00   1.8000   2.5750   0.8250       46.040        3.245      -20.288        7.366      -57.145       12.330
 200.00   1.8000   2.5750   0.9500       81.911        5.041      -24.800        8.319      -21.410       16.828
   1.00   2.6000   1.6300  -0.7750       39.371        2.714      -10.080        3.186        3.433        5.255
   2.00   2.6000   1.6300  -0.5250       32.133        2.593        6.547        2.882      -14.066        4.870
   3.00   2.6000   1.6300  -0.3000       28.344        2.578        8.043        3.331       22.749        4.320
   4.00   2.6000   1.6300  -0.1000       32.515        2.628       -0.073        2.871       -1.494        4.939
   5.00   2.6000   1.6300   0.1000       29.192        2.473       -0.677        2.681        1.028        4.723
   6.00   2.6000   1.6300   0.3000       40.419        2.766       -2.197        2.861       -6.408        5.347
   7.00   2.6000   1.6300   0.5000       33.682        2.701       -3.009        2.733       -8.605        5.273
   8.00   2.6000   1.6300   0.6750       37.287        3.266       -0.664        3.677        4.234        6.353
   9.00   2.6000   1.6300   0.8250       49.061        3.894       -2.613        3.893      -17.219        7.596
  10.00   2.6000   1.6300   0.9500       42.314        5.401        2.906        6.161        0.141       10.405
  11.00   2.6000   1.6750  -0.7750       45.333        2.500       -0.773        3.069       11.536        4.603
  12.00   2.6000   1.6750  -0.5250       43.424        2.346        4.299        2.909        4.033        4.353
  13.00   2.6000   1.6750  -0.3000       39.183        2.253       -0.353        2.720        2.814        4.273
  14.00   2.6000   1.6750  -0.1000       46.960        2.450       -7.850        2.654       -7.368        4.787
  15.00   2.6000   1.6750   0.1000       48.409        2.509       -9.234        2.676       -1.725        4.876
  16.00   2.6000   1.6750   0.3000       49.425        2.420       -7.515        2.600        1.755        4.729
  17.00   2.6000   1.6750   0.5000       57.400        2.443       -3.193        2.524       -7.386        4.810
  18.00   2.6000   1.6750   0.6750       85.619        3.199      -11.506        3.466       -7.243        6.341
  19.00   2.6000   1.6750   0.8250      100.910        3.376       -8.186        3.613      -16.455        6.690
  20.00   2.6000   1.6750   0.9500      136.575        5.105       -7.654        5.744       -3.391       10.049
  21.00   2.6000   1.7250  -0.7750       29.000        1.821       -2.528        2.278       -1.830        3.692
  22.00   2.6000   1.7250  -0.5250       29.904        1.622        0.849        2.115        0.042        3.391
  23.00   2.6000   1.7250  -0.3000       35.099        1.800       -5.188        2.176       -5.846        3.645
  24.00   2.6000   1.7250  -0.1000       46.460        2.128      -10.934        2.717       -1.458        4.387
  25.00   2.6000   1.7250   0.1000       58.272        2.450      -12.842        3.162        2.804        5.096
  26.00   2.6000   1.7250   0.3000       68.679        2.840      -16.896        3.278       -7.671        5.693
  27.00   2.6000   1.7250   0.5000       99.876        3.189      -22.111        3.483      -10.851        6.384
  28.00   2.6000   1.7250   0.6750      112.640        3.448      -11.353        3.914       -2.696        6.920
  29.00   2.6000   1.7250   0.8250      166.315        3.794      -12.572        4.330       -6.691        7.632
  30.00   2.6000   1.7250   0.9500      231.812        5.990       -7.657        6.856      -23.009       11.977
  31.00   2.6000   1.7750  -0.7750       13.200        1.389       -2.863        1.877       -3.429        2.968
  32.00   2.6000   1.7750  -0.5250       21.431        1.412       -1.744        1.907       -2.967        2.940
  33.00   2.6000   1.7750  -0.3000       33.470        1.721       -5.174        2.349        0.696        3.673
  34.00   2.6000   1.7750  -0.1000       43.362        1.861      -10.883        2.439        0.536        3.870
  35.00   2.6000   1.7750   0.1000       63.916        2.254      -15.366        3.011        5.460        4.785
  36.00   2.6000   1.7750   0.3000       87.489        2.890      -13.806        3.876        5.456        6.112
  37.00   2.6000   1.7750   0.5000       96.245        2.974      -13.681        3.530       -1.279        6.016
  38.00   2.6000   1.7750   0.6750      121.033        3.502       -7.851        3.999        1.985        7.125
  39.00   2.6000   1.7750   0.8250      145.349        3.427      -11.448        3.972      -12.470        7.053
  40.00   2.6000   1.7750   0.9500      197.586        5.070       -9.658        6.164        3.697       10.353
  41.00   2.6000   1.8250  -0.7750       13.869        1.404        0.359        1.889       -0.073        2.865
  42.00   2.6000   1.8250  -0.5250       18.011        1.213       -3.032        1.623       -4.922        2.638
  43.00   2.6000   1.8250  -0.3000       31.761        1.819       -3.600        2.719       -1.027        4.088
  44.00   2.6000   1.8250  -0.1000       43.899        2.040       -7.806        3.034        4.776        4.634
  45.00   2.6000   1.8250   0.1000       51.878        1.903       -9.740        2.567       -0.317        4.122
  46.00   2.6000   1.8250   0.3000       73.405        2.340      -13.872        3.251       -0.548        5.245
  47.00   2.6000   1.8250   0.5000       79.359        2.710       -9.707        3.554        0.504        5.679
  48.00   2.6000   1.8250   0.6750       94.545        3.203       -2.476        3.754       -2.099        6.589
  49.00   2.6000   1.8250   0.8250      126.876        3.225       -4.565        3.730       -6.402        6.755
  50.00   2.6000   1.8250   0.9500      167.261        4.454      -17.693        5.354      -15.309        9.311
  51.00   2.6000   1.8750  -0.7750       16.505        1.291       -0.002        1.571       -5.219        2.724
  52.00   2.6000   1.8750  -0.5250       17.378        1.058       -5.197        1.317       -4.688        2.265
  53.00   2.6000   1.8750  -0.3000       27.796        1.491       -6.680        1.962       -6.983        3.221
  54.00   2.6000   1.8750  -0.1000       32.799        1.747       -8.659        2.556       -2.481        3.919
  55.00   2.6000   1.8750   0.1000       48.783        1.913      -11.629        2.801        3.631        4.370
  56.00   2.6000   1.8750   0.3000       57.461        1.908       -8.734        2.570       -0.023        4.223
  57.00   2.6000   1.8750   0.5000       82.412        2.671       -4.114        3.840        4.628        5.941
  58.00   2.6000   1.8750   0.6750      103.017        3.449       -2.109        4.315        1.109        7.170
  59.00   2.6000   1.8750   0.8250      118.169        3.130        4.727        3.764        0.757        6.653
  60.00   2.6000   1.8750   0.9500      159.880        4.276       -4.335        5.186      -12.127        9.197
  61.00   2.6000   1.9250  -0.7750       15.083        1.204       -1.690        1.558       -0.380        2.632
  62.00   2.6000   1.9250  -0.5250       13.246        0.909        1.745        1.174       -1.948        1.957
  63.00   2.6000   1.9250  -0.3000       15.998        1.068       -4.071        1.424       -1.316        2.355
  64.00   2.6000   1.9250  -0.1000       23.056        1.358       -6.640        1.897       -2.985        3.018
  65.00   2.6000   1.9250   0.1000       31.890        1.540      -11.971        2.268       -7.937        3.598
  66.00   2.6000   1.9250   0.3000       47.367        1.686       -9.839        2.323       -4.479        3.811
  67.00   2.6000   1.9250   0.5000       72.320        2.336        0.598        3.386       10.899        5.222
  68.00   2.6000   1.9250   0.6750       82.079        3.043      -16.091        3.959       -2.663        6.459
  69.00   2.6000   1.9250   0.8250      112.721        3.059       -1.728        3.715       -5.693        6.669
  70.00   2.6000   1.9250   0.9500      160.958        4.121        0.047        5.140        1.876        9.064
  71.00   2.6000   1.9750  -0.7750        8.990        0.867        0.615        1.120       -1.978        1.914
  72.00   2.6000   1.9750  -0.5250        6.543        0.584       -1.745        0.569       -6.554        1.338
  73.00   2.6000   1.9750  -0.3000        6.322        0.668       -0.704        0.892       -0.930        1.516
  74.00   2.6000   1.9750  -0.1000       14.149        1.006       -4.224        1.375       -1.926        2.270
  75.00   2.6000   1.9750   0.1000       26.119        1.395       -8.428        1.984       -6.299        3.181
  76.00   2.6000   1.9750   0.3000       45.125        1.712       -2.446        2.640       -0.998        4.130
  77.00   2.6000   1.9750   0.5000       59.458        1.930       -1.515        2.870       -0.120        4.574
  78.00   2.6000   1.9750   0.6750       73.413        3.124       -0.666        4.602        5.403        6.771
  79.00   2.6000   1.9750   0.8250      100.645        3.053       -3.065        3.796       -4.763        6.697
  80.00   2.6000   1.9750   0.9500      163.072        3.910       -2.706        5.103       13.009        8.802
  81.00   2.6000   2.0250  -0.7750        4.280        0.681        1.240        0.944       -0.230        1.475
  82.00   2.6000   2.0250  -0.5250        2.858        0.428        0.000        0.557       -1.150        0.996
  83.00   2.6000   2.0250  -0.3000        5.611        0.666       -1.476        0.848       -2.093        1.535
  84.00   2.6000   2.0250  -0.1000       11.527        0.895       -2.640        1.240       -0.964        2.063
  85.00   2.6000   2.0250   0.1000       23.298        1.225       -7.029        1.784       -6.852        2.932
  86.00   2.6000   2.0250   0.3000       35.607        1.618       -3.631        2.635       -0.988        4.022
  87.00   2.6000   2.0250   0.5000       50.819        1.732       -2.076        2.597        0.663        4.141
  88.00   2.6000   2.0250   0.6750       61.603        2.665      -10.489        3.990       -6.410        6.199
  89.00   2.6000   2.0250   0.8250       86.514        3.046       -0.666        4.081       10.159        6.676
  90.00   2.6000   2.0250   0.9500      142.900        3.610       -1.722        4.786        3.772        8.330
  91.00   2.6000   2.0750  -0.7750        2.701        0.562        0.794        0.788       -0.376        1.245
  92.00   2.6000   2.0750  -0.5250        1.294        0.326       -0.111        0.427       -0.439        0.769
  93.00   2.6000   2.0750  -0.3000        4.604        0.586       -1.274        0.728       -2.042        1.390
  94.00   2.6000   2.0750  -0.1000       12.485        0.864       -4.345        1.212       -0.785        2.048
  95.00   2.6000   2.0750   0.1000       18.442        1.040       -4.503        1.546       -1.815        2.546
  96.00   2.6000   2.0750   0.3000       26.946        1.393       -4.417        2.263       -1.788        3.481
  97.00   2.6000   2.0750   0.5000       42.044        1.583       -3.806        2.470       -1.852        3.940
  98.00   2.6000   2.0750   0.6750       56.081        2.695        3.389        4.358        4.637        6.417
  99.00   2.6000   2.0750   0.8250       82.116        3.033      -19.375        3.743      -23.405        7.023
 100.00   2.6000   2.0750   0.9500      143.163        3.693        5.281        5.118        8.127        8.754
 101.00   2.6000   2.1250  -0.7750        0.354        0.267        0.304        0.413        0.194        0.498
 102.00   2.6000   2.1250  -0.5250        0.752        0.230       -0.048        0.307       -0.294        0.580
 103.00   2.6000   2.1250  -0.3000        3.734        0.499       -1.144        0.707       -0.206        1.235
 104.00   2.6000   2.1250  -0.1000        8.094        0.695       -2.715        0.988       -0.531        1.711
 105.00   2.6000   2.1250   0.1000       13.201        0.843       -2.215        1.183       -2.957        2.070
 106.00   2.6000   2.1250   0.3000       21.706        1.259       -4.646        2.131       -6.025        3.340
 107.00   2.6000   2.1250   0.5000       35.140        1.552       -0.978        2.572        2.387        3.989
 108.00   2.6000   2.1250   0.6750       45.683        2.151       -8.020        3.318       -9.836        5.443
 109.00   2.6000   2.1250   0.8250       78.838        3.293      -10.737        4.723       -0.242        7.563
 110.00   2.6000   2.1250   0.9500      134.541        3.657        7.768        5.133       -3.110        8.906
 111.00   2.6000   2.1750  -0.7750        0.594        0.364        0.216        0.550        0.034        0.850
 112.00   2.6000   2.1750  -0.5250        0.923        0.313        0.182        0.414       -0.644        0.768
 113.00   2.6000   2.1750  -0.3000        3.519        0.474       -2.565        0.731        1.922        1.192
 114.00   2.6000   2.1750  -0.1000        4.399        0.517       -1.900        0.759       -0.057        1.331
 115.00   2.6000   2.1750   0.1000        9.821        0.740       -2.617        1.102       -0.632        1.914
 116.00   2.6000   2.1750   0.3000       14.293        0.990       -2.115        1.648       -1.546        2.623
 117.00   2.6000   2.1750   0.5000       26.962        1.500       -3.070        2.623        0.847        4.080
 118.00   2.6000   2.1750   0.6750       51.668        2.327       -1.583        3.837        0.479        6.135
 119.00   2.6000   2.1750   0.8250       68.891        3.176      -21.770        4.552      -16.158        7.776
 120.00   2.6000   2.1750   0.9500      133.562        3.835        4.304        5.396      -18.542        9.710
 121.00   2.6000   2.2250  -0.7750        0.389        0.290        0.179        0.454       -0.044        0.739
 122.00   2.6000   2.2250  -0.5250        0.639        0.238        0.010        0.317       -0.587        0.636
 123.00   2.6000   2.2250  -0.3000        2.293        0.395       -1.905        0.620        1.162        1.031
 124.00   2.6000   2.2250  -0.1000        3.202        0.476       -0.745        0.750        1.014        1.278
 125.00   2.6000   2.2250   0.1000        6.733        0.605       -1.712        0.934        0.493        1.632
 126.00   2.6000   2.2250   0.3000       12.891        0.903       -4.958        1.450       -1.895        2.460
 127.00   2.6000   2.2250   0.5000       25.650        1.589       -4.317        2.968       -8.107        4.620
 128.00   2.6000   2.2250   0.6750       36.614        1.793      -13.422        2.809      -13.123        4.928
 129.00   2.6000   2.2250   0.8250       56.874        2.777      -26.250        3.711      -37.013        7.301
 130.00   2.6000   2.2250   0.9500      118.597        3.882       -2.578        5.469      -24.894       10.219
 131.00   2.6000   2.2750  -0.7750        0.775        0.308        0.031        0.557        1.065        0.946
 132.00   2.6000   2.2750  -0.5250        0.231        0.171       -0.077        0.251       -0.177        0.515
 133.00   2.6000   2.2750  -0.3000        0.999        0.270       -0.590        0.437        0.368        0.765
 134.00   2.6000   2.2750  -0.1000        2.396        0.427       -0.581        0.713        0.778        1.233
 135.00   2.6000   2.2750   0.1000        4.809        0.554       -0.646        0.886        0.433        1.572
 136.00   2.6000   2.2750   0.3000       10.131        0.794       -3.142        1.307       -0.860        2.266
 137.00   2.6000   2.2750   0.5000       21.675        1.539       -1.870        2.883       -2.420        4.475
 138.00   2.6000   2.2750   0.6750       38.335        2.064      -12.503        3.534       -7.251        6.011
 139.00   2.6000   2.2750   0.8250       61.398        3.647      -12.105        6.167      -16.703        9.443
 140.00   2.6000   2.2750   0.9500      117.530        4.260      -17.880        5.975      -30.940       11.962
 141.00   2.6000   2.3250  -0.7750        0.729        0.270       -0.173        0.462        0.088        0.825
 142.00   2.6000   2.3250  -0.5250        0.234        0.202       -0.134        0.339        0.003        0.639
 143.00   2.6000   2.3250  -0.3000        0.624        0.231       -0.264        0.404        0.483        0.699
 144.00   2.6000   2.3250  -0.1000        0.981        0.318       -0.856        0.505       -0.365        0.973
 145.00   2.6000   2.3250   0.1000        4.808        0.535       -1.022        0.859       -1.038        1.617
 146.00   2.6000   2.3250   0.3000        8.456        0.722       -3.285        1.231       -0.772        2.189
 147.00   2.6000   2.3250   0.5000       17.416        1.285       -5.884        2.406       -3.177        3.999
 148.00   2.6000   2.3250   0.6750       30.511        1.827      -14.937        3.172      -11.423        5.620
 149.00   2.6000   2.3250   0.8250       56.012        4.047       11.490        7.568        4.175       10.562
 150.00   2.6000   2.3250   0.9500       97.776        4.176      -14.571        6.324      -13.276       12.506
 151.00   2.6000   2.3750  -0.7750        0.548        0.225        0.061        0.391       -0.330        0.748
 152.00   2.6000   2.3750  -0.5250        0.236        0.188       -0.080        0.330       -0.025        0.610
 153.00   2.6000   2.3750  -0.3000        0.681        0.275       -0.381        0.459       -0.267        0.892
 154.00   2.6000   2.3750  -0.1000        1.729        0.374       -1.099        0.670        0.713        1.194
 155.00   2.6000   2.3750   0.1000        2.794        0.461       -1.555        0.776       -0.507        1.495
 156.00   2.6000   2.3750   0.3000        7.567        0.677       -3.155        1.183       -1.032        2.209
 157.00   2.6000   2.3750   0.5000       15.531        1.055       -9.746        1.808       -9.053        3.439
 158.00   2.6000   2.3750   0.6750       37.661        2.683        1.095        5.392        2.900        8.582
 159.00   2.6000   2.3750   0.8250       55.227        3.387      -17.895        6.080      -43.490       10.793
 160.00   2.6000   2.3750   0.9500       93.706        4.669       -4.598        7.637       -0.657       14.867
   1.00   3.4500   1.6300  -0.7750       37.260        2.903       -0.282        3.774        8.927        6.083
   2.00   3.4500   1.6300  -0.5250       25.659        2.483        2.919        3.187       -0.365        5.126
   3.00   3.4500   1.6300  -0.3000       19.508        2.251       -5.147        2.971        5.737        4.938
   4.00   3.4500   1.6300  -0.1000       25.453        2.682        3.696        3.190       -2.957        5.462
   5.00   3.4500   1.6300   0.1000       21.913        2.439        3.734        3.155        8.131        4.927
   6.00   3.4500   1.6300   0.3000       23.373        2.322        0.266        2.935        6.800        4.907
   7.00   3.4500   1.6300   0.5000       25.930        2.638        1.449        3.042       -3.371        5.592
   8.00   3.4500   1.6300   0.6750       24.728        3.056        0.523        3.596       -0.615        6.516
   9.00   3.4500   1.6300   0.8250       34.390        3.576       10.772        4.411        1.804        7.583
  10.00   3.4500   1.6300   0.9500       30.426        5.044        2.806        6.144       -5.311       10.778
  11.00   3.4500   1.6750  -0.7750       27.065        1.967       -3.778        2.584        6.361        4.236
  12.00   3.4500   1.6750  -0.5250       29.475        2.227       10.711        3.036        6.336        4.240
  13.00   3.4500   1.6750  -0.3000       28.067        2.165        4.741        2.974        6.756        4.589
  14.00   3.4500   1.6750  -0.1000       24.452        1.939       -2.744        2.494        5.198        4.122
  15.00   3.4500   1.6750   0.1000       23.612        1.928       -0.378        2.365       -0.011        4.126
  16.00   3.4500   1.6750   0.3000       32.470        2.214       -4.747        2.270      -17.497        4.859
  17.00   3.4500   1.6750   0.5000       41.063        2.350        1.638        2.665       -8.815        5.054
  18.00   3.4500   1.6750   0.6750       55.351        2.902        0.353        3.318      -10.554        6.330
  19.00   3.4500   1.6750   0.8250       79.395        3.355        1.882        3.804      -21.780        7.383
  20.00   3.4500   1.6750   0.9500       97.612        4.649       -1.423        5.911       10.237       10.272
  21.00   3.4500   1.7250  -0.7750       20.643        1.787        2.571        2.491       -1.455        3.955
  22.00   3.4500   1.7250  -0.5250       17.758        1.360       -2.225        1.870        2.237        3.076
  23.00   3.4500   1.7250  -0.3000       22.842        1.610       -4.966        2.257       -2.174        3.796
  24.00   3.4500   1.7250  -0.1000       27.198        1.882       -4.192        2.806        3.436        4.532
  25.00   3.4500   1.7250   0.1000       36.398        2.287       -5.581        3.230        2.263        5.246
  26.00   3.4500   1.7250   0.3000       50.357        2.781       -5.512        3.478      -12.288        6.208
  27.00   3.4500   1.7250   0.5000       55.777        2.553       -6.435        3.149        0.642        5.722
  28.00   3.4500   1.7250   0.6750       76.504        3.070       -2.334        3.787        4.200        6.894
  29.00   3.4500   1.7250   0.8250      105.541        3.356       -5.197        3.891      -21.437        7.600
  30.00   3.4500   1.7250   0.9500      123.725        4.855       14.869        6.134        3.554       11.018
  31.00   3.4500   1.7750  -0.7750        7.083        0.989       -4.215        1.313       -1.696        2.261
  32.00   3.4500   1.7750  -0.5250       13.132        1.136       -7.055        1.593       -1.890        2.594
  33.00   3.4500   1.7750  -0.3000       22.988        1.595       -3.884        2.486        5.516        3.959
  34.00   3.4500   1.7750  -0.1000       31.919        1.805       -6.837        2.581       -0.016        4.269
  35.00   3.4500   1.7750   0.1000       36.964        1.952      -10.091        2.688       -5.159        4.614
  36.00   3.4500   1.7750   0.3000       46.646        2.352      -12.613        3.148       -9.602        5.432
  37.00   3.4500   1.7750   0.5000       67.039        3.007        0.374        4.162        3.592        6.607
  38.00   3.4500   1.7750   0.6750       69.173        2.798       -3.546        3.543        5.650        6.456
  39.00   3.4500   1.7750   0.8250       90.728        2.949        0.344        3.643        2.618        6.837
  40.00   3.4500   1.7750   0.9500      147.246        5.487      -12.010        6.011      -55.403       12.811
  41.00   3.4500   1.8250  -0.7750        9.782        1.298        0.159        1.842       -6.398        3.098
  42.00   3.4500   1.8250  -0.5250       13.441        1.263       -3.694        2.003        0.086        3.198
  43.00   3.4500   1.8250  -0.3000       19.194        1.589       -7.198        2.556        0.000        4.067
  44.00   3.4500   1.8250  -0.1000       25.131        1.613      -10.161        2.514        2.326        4.058
  45.00   3.4500   1.8250   0.1000       31.979        1.696       -6.787        2.409       -6.602        4.176
  46.00   3.4500   1.8250   0.3000       47.576        2.324       -2.496        3.551        6.292        5.737
  47.00   3.4500   1.8250   0.5000       56.103        2.772       -5.358        4.113       -3.325        6.535
  48.00   3.4500   1.8250   0.6750       64.994        3.059        0.830        4.082       -1.623        7.137
  49.00   3.4500   1.8250   0.8250       81.481        2.952        0.595        3.760        2.557        7.088
  50.00   3.4500   1.8250   0.9500      120.970        4.584        1.332        5.733      -15.471       11.059
  51.00   3.4500   1.8750  -0.7750       10.568        1.194       -1.555        1.793        3.361        2.962
  52.00   3.4500   1.8750  -0.5250       13.254        1.073       -2.898        1.533       -5.252        2.691
  53.00   3.4500   1.8750  -0.3000       18.058        1.457       -3.863        2.272        5.239        3.626
  54.00   3.4500   1.8750  -0.1000       21.099        1.680       -1.006        2.710        7.446        4.140
  55.00   3.4500   1.8750   0.1000       31.125        1.722       -3.632        2.679       -4.174        4.435
  56.00   3.4500   1.8750   0.3000       35.537        1.799       -5.764        2.707        1.715        4.523
  57.00   3.4500   1.8750   0.5000       49.873        2.462       -7.826        3.820       -0.408        6.043
  58.00   3.4500   1.8750   0.6750       53.015        2.771      -11.367        3.947       -4.666        6.867
  59.00   3.4500   1.8750   0.8250       75.303        2.938       -2.999        4.051       15.568        7.300
  60.00   3.4500   1.8750   0.9500      115.977        4.439       -7.897        5.911      -11.200       10.902
  61.00   3.4500   1.9250  -0.7750        7.463        0.949       -0.664        1.319       -2.690        2.453
  62.00   3.4500   1.9250  -0.5250        9.449        0.885       -2.898        1.196       -5.852        2.286
  63.00   3.4500   1.9250  -0.3000       10.784        1.075       -2.601        1.689        2.021        2.789
  64.00   3.4500   1.9250  -0.1000       15.014        1.360       -4.177        2.314        1.545        3.743
  65.00   3.4500   1.9250   0.1000       17.631        1.272       -9.834        1.931       -7.076        3.311
  66.00   3.4500   1.9250   0.3000       31.705        1.746       -0.482        2.845        2.799        4.669
  67.00   3.4500   1.9250   0.5000       40.961        2.197       -4.103        3.693        7.956        5.844
  68.00   3.4500   1.9250   0.6750       56.184        3.390       -1.134        5.368       -5.593        8.356
  69.00   3.4500   1.9250   0.8250       78.837        3.286       -7.946        4.544       -2.345        8.505
  70.00   3.4500   1.9250   0.9500      111.644        4.318       12.799        6.058      -16.059       11.225
  71.00   3.4500   1.9750  -0.7750        7.111        0.926        1.625        1.396       -1.142        2.403
  72.00   3.4500   1.9750  -0.5250        5.336        0.678        1.120        1.040       -1.384        1.817
  73.00   3.4500   1.9750  -0.3000        5.659        0.810       -0.661        1.294        0.689        2.197
  74.00   3.4500   1.9750  -0.1000        8.281        0.891       -5.158        1.355       -0.638        2.384
  75.00   3.4500   1.9750   0.1000       14.399        1.289       -5.168        2.111       -2.151        3.446
  76.00   3.4500   1.9750   0.3000       26.996        1.687       -1.069        3.052        2.627        4.937
  77.00   3.4500   1.9750   0.5000       41.733        2.102       -1.371        3.514        2.266        5.734
  78.00   3.4500   1.9750   0.6750       48.635        3.117      -10.168        5.067        0.304        8.119
  79.00   3.4500   1.9750   0.8250       65.523        3.225       -1.538        4.711        1.540        8.401
  80.00   3.4500   1.9750   0.9500      107.687        4.101       15.363        6.222        6.812       11.068
  81.00   3.4500   2.0250  -0.7750        1.617        0.454       -0.697        0.649       -1.158        1.350
  82.00   3.4500   2.0250  -0.5250        1.926        0.448        0.288        0.617       -1.993        1.259
  83.00   3.4500   2.0250  -0.3000        4.117        0.709        0.193        1.134        0.415        1.930
  84.00   3.4500   2.0250  -0.1000        8.599        0.904       -5.241        1.444        1.535        2.504
  85.00   3.4500   2.0250   0.1000       14.918        1.273       -3.924        2.160       -0.423        3.570
  86.00   3.4500   2.0250   0.3000       25.063        1.745       -1.828        3.278        1.966        5.210
  87.00   3.4500   2.0250   0.5000       34.797        1.788       -5.319        3.043       -4.129        5.167
  88.00   3.4500   2.0250   0.6750       44.817        2.922      -14.607        4.912      -15.461        8.248
  89.00   3.4500   2.0250   0.8250       58.826        3.290       -4.024        4.749      -10.945        8.654
  90.00   3.4500   2.0250   0.9500      104.248        4.061        5.120        6.085      -15.887       11.294
  91.00   3.4500   2.0750  -0.7750        0.925        0.328        0.359        0.442       -0.901        0.915
  92.00   3.4500   2.0750  -0.5250        1.070        0.363        0.190        0.551       -0.561        1.045
  93.00   3.4500   2.0750  -0.3000        3.948        0.648       -2.833        1.079        0.546        1.904
  94.00   3.4500   2.0750  -0.1000        7.874        0.775       -4.790        1.264        1.990        2.244
  95.00   3.4500   2.0750   0.1000       11.237        0.988       -4.413        1.664       -0.962        2.895
  96.00   3.4500   2.0750   0.3000       15.877        1.242       -5.957        2.268       -7.533        3.776
  97.00   3.4500   2.0750   0.5000       28.871        1.680       -3.129        3.092        1.575        5.161
  98.00   3.4500   2.0750   0.6750       34.334        2.467      -10.957        4.367       -8.543        7.424
  99.00   3.4500   2.0750   0.8250       55.378        3.348       -8.586        5.253       -9.330        9.211
 100.00   3.4500   2.0750   0.9500       94.972        3.881       -3.165        5.752      -31.615       11.215
 101.00   3.4500   2.1250  -0.7750        0.427        0.348        0.296        0.596        0.018        0.915
 102.00   3.4500   2.1250  -0.5250        1.203        0.370       -0.540        0.466       -1.523        1.121
 103.00   3.4500   2.1250  -0.3000        3.337        0.541       -2.584        0.887        0.410        1.650
 104.00   3.4500   2.1250  -0.1000        4.832        0.617       -2.904        1.037        1.112        1.879
 105.00   3.4500   2.1250   0.1000        9.140        0.857       -2.008        1.471       -0.823        2.621
 106.00   3.4500   2.1250   0.3000       14.235        1.298       -0.419        2.462        3.315        3.868
 107.00   3.4500   2.1250   0.5000       20.903        1.364       -8.446        2.444       -4.016        4.254
 108.00   3.4500   2.1250   0.6750       32.551        2.338       -8.005        4.173      -10.528        7.268
 109.00   3.4500   2.1250   0.8250       46.172        3.141      -16.539        5.167      -12.498        9.181
 110.00   3.4500   2.1250   0.9500       97.694        4.201        2.283        6.477      -22.620       12.606
 111.00   3.4500   2.1750  -0.7750        0.154        0.205        0.116        0.334       -0.159        0.602
 112.00   3.4500   2.1750  -0.5250        0.642        0.296        0.240        0.494       -0.452        0.927
 113.00   3.4500   2.1750  -0.3000        3.156        0.550       -1.388        1.023        4.388        1.796
 114.00   3.4500   2.1750  -0.1000        3.127        0.530       -0.720        0.914        0.150        1.720
 115.00   3.4500   2.1750   0.1000        5.839        0.700       -1.622        1.213       -1.138        2.269
 116.00   3.4500   2.1750   0.3000       10.712        1.037       -4.361        1.981       -2.237        3.437
 117.00   3.4500   2.1750   0.5000       18.979        1.534       -4.773        3.084       -3.688        5.219
 118.00   3.4500   2.1750   0.6750       31.689        2.169      -12.865        3.841      -19.205        7.220
 119.00   3.4500   2.1750   0.8250       43.207        3.456      -17.440        5.991      -12.606       10.356
 120.00   3.4500   2.1750   0.9500       92.494        4.465       -2.974        6.621      -47.008       14.161
