# ::::::::::::::::::::::::::::::::::::
# ::     JLab: CLAS (K+ Lambda)     ::
# ::::::::::::::::::::::::::::::::::::


# D. S. Carman et al., Phys. Rev. C 87, 025204 (2013)


$vars: / & qsquared (GeV^2) & w (GeV) & costhkcm & diff_tl_epol -sysErr:rel:0.10 (nb)
$const: E_beam 5.499 (GeV)


#            Q^2        W      cos    sigma_LT'        error
# ----------------------------------------------------------
   1.00   1.8000   1.6300  -0.7750      -16.257       15.933
   2.00   1.8000   1.6300  -0.5250       10.328       14.894
   3.00   1.8000   1.6300  -0.3000        9.638       13.101
   4.00   1.8000   1.6300  -0.1000       -2.991       13.216
   5.00   1.8000   1.6300   0.1000        2.867        8.480
   6.00   1.8000   1.6300   0.3000        4.000       14.415
   7.00   1.8000   1.6300   0.5000        2.406       15.288
   8.00   1.8000   1.6300   0.6750        2.166       16.307
   9.00   1.8000   1.6300   0.8250       12.534       19.435
  10.00   1.8000   1.6300   0.9500        7.250       26.251
  11.00   1.8000   1.6750  -0.7750       26.230       14.991
  12.00   1.8000   1.6750  -0.5250       14.445       12.344
  13.00   1.8000   1.6750  -0.3000       24.336       12.849
  14.00   1.8000   1.6750  -0.1000        9.474       12.079
  15.00   1.8000   1.6750   0.1000       21.066       13.887
  16.00   1.8000   1.6750   0.3000       16.430       13.997
  17.00   1.8000   1.6750   0.5000        8.950       13.764
  18.00   1.8000   1.6750   0.6750       26.946       19.121
  19.00   1.8000   1.6750   0.8250       12.834       19.710
  20.00   1.8000   1.6750   0.9500      -30.000       25.382
  21.00   1.8000   1.7250  -0.7750       12.952       11.038
  22.00   1.8000   1.7250  -0.5250       19.494        8.027
  23.00   1.8000   1.7250  -0.3000       11.912        9.434
  24.00   1.8000   1.7250  -0.1000       28.905        9.256
  25.00   1.8000   1.7250   0.1000       26.305       11.723
  26.00   1.8000   1.7250   0.3000       28.872       12.959
  27.00   1.8000   1.7250   0.5000        3.560       16.361
  28.00   1.8000   1.7250   0.6750        6.374       20.986
  29.00   1.8000   1.7250   0.8250       44.192       20.793
  30.00   1.8000   1.7250   0.9500       25.467       31.141
  31.00   1.8000   1.7750  -0.7750        8.134        5.574
  32.00   1.8000   1.7750  -0.5250        8.704        6.356
  33.00   1.8000   1.7750  -0.3000       23.255        8.111
  34.00   1.8000   1.7750  -0.1000       18.516        8.850
  35.00   1.8000   1.7750   0.1000       -0.625       10.436
  36.00   1.8000   1.7750   0.3000       21.881       11.985
  37.00   1.8000   1.7750   0.5000       16.679       13.906
  38.00   1.8000   1.7750   0.6750       24.791       17.310
  39.00   1.8000   1.7750   0.8250       -7.970       17.705
  40.00   1.8000   1.7750   0.9500       33.825       24.292
  41.00   1.8000   1.8250  -0.7750        8.491        7.134
  42.00   1.8000   1.8250  -0.5250        8.700        6.261
  43.00   1.8000   1.8250  -0.3000       14.425        7.307
  44.00   1.8000   1.8250  -0.1000       13.292        8.220
  45.00   1.8000   1.8250   0.1000       13.569        8.141
  46.00   1.8000   1.8250   0.3000       -0.157       10.307
  47.00   1.8000   1.8250   0.5000       21.999       11.510
  48.00   1.8000   1.8250   0.6750       22.833       16.050
  49.00   1.8000   1.8250   0.8250      -14.695       16.367
  50.00   1.8000   1.8250   0.9500        1.244       23.024
  51.00   1.8000   1.8750  -0.7750        4.732        7.001
  52.00   1.8000   1.8750  -0.5250       12.556        6.137
  53.00   1.8000   1.8750  -0.3000       16.282        6.172
  54.00   1.8000   1.8750  -0.1000       17.752        6.651
  55.00   1.8000   1.8750   0.1000        2.281        8.249
  56.00   1.8000   1.8750   0.3000       14.186        8.412
  57.00   1.8000   1.8750   0.5000       17.432       10.330
  58.00   1.8000   1.8750   0.6750       17.294       14.296
  59.00   1.8000   1.8750   0.8250        7.805       15.029
  60.00   1.8000   1.8750   0.9500        1.845       20.896
  61.00   1.8000   1.9250  -0.7750        5.290        5.508
  62.00   1.8000   1.9250  -0.5250        6.388        4.923
  63.00   1.8000   1.9250  -0.3000       10.159        4.942
  64.00   1.8000   1.9250  -0.1000        4.168        5.845
  65.00   1.8000   1.9250   0.1000        5.987        5.816
  66.00   1.8000   1.9250   0.3000       11.527        7.528
  67.00   1.8000   1.9250   0.5000        7.101        8.562
  68.00   1.8000   1.9250   0.6750       23.799       12.067
  69.00   1.8000   1.9250   0.8250       14.897       14.692
  70.00   1.8000   1.9250   0.9500       29.505       19.003
  71.00   1.8000   1.9750  -0.7750       11.471        6.436
  72.00   1.8000   1.9750  -0.5250        5.935        2.962
  73.00   1.8000   1.9750  -0.3000        7.860        3.814
  74.00   1.8000   1.9750  -0.1000        5.327        4.480
  75.00   1.8000   1.9750   0.1000        0.945        5.872
  76.00   1.8000   1.9750   0.3000        3.823        6.467
  77.00   1.8000   1.9750   0.5000       14.909        7.836
  78.00   1.8000   1.9750   0.6750       25.921       10.529
  79.00   1.8000   1.9750   0.8250        8.127       12.177
  80.00   1.8000   1.9750   0.9500        5.877       17.057
  81.00   1.8000   2.0250  -0.7750        3.145        2.886
  82.00   1.8000   2.0250  -0.5250        0.718        1.988
  83.00   1.8000   2.0250  -0.3000        5.297        2.889
  84.00   1.8000   2.0250  -0.1000        1.516        3.831
  85.00   1.8000   2.0250   0.1000        9.061        5.163
  86.00   1.8000   2.0250   0.3000        3.530        5.726
  87.00   1.8000   2.0250   0.5000        5.325        6.628
  88.00   1.8000   2.0250   0.6750        6.925        9.272
  89.00   1.8000   2.0250   0.8250        8.839       11.261
  90.00   1.8000   2.0250   0.9500       34.579       15.597
  91.00   1.8000   2.0750  -0.7750        1.400        2.297
  92.00   1.8000   2.0750  -0.5250        0.046        1.423
  93.00   1.8000   2.0750  -0.3000        0.280        3.163
  94.00   1.8000   2.0750  -0.1000        5.151        3.618
  95.00   1.8000   2.0750   0.1000        8.000        4.420
  96.00   1.8000   2.0750   0.3000        6.903        5.153
  97.00   1.8000   2.0750   0.5000       12.613        5.941
  98.00   1.8000   2.0750   0.6750        8.030        8.567
  99.00   1.8000   2.0750   0.8250        7.415       11.905
 100.00   1.8000   2.0750   0.9500        2.456       16.333
 101.00   1.8000   2.1250  -0.7750       -0.199        1.364
 102.00   1.8000   2.1250  -0.5250       -0.669        1.431
 103.00   1.8000   2.1250  -0.3000        0.832        2.502
 104.00   1.8000   2.1250  -0.1000        5.424        2.786
 105.00   1.8000   2.1250   0.1000        5.793        3.619
 106.00   1.8000   2.1250   0.3000        5.666        4.569
 107.00   1.8000   2.1250   0.5000       12.245        5.230
 108.00   1.8000   2.1250   0.6750        8.441        8.047
 109.00   1.8000   2.1250   0.8250        6.788       11.256
 110.00   1.8000   2.1250   0.9500       13.363       15.282
 111.00   1.8000   2.1750  -0.7750       -0.212        0.838
 112.00   1.8000   2.1750  -0.5250        0.394        1.240
 113.00   1.8000   2.1750  -0.3000       -0.010        1.462
 114.00   1.8000   2.1750  -0.1000       -1.618        2.567
 115.00   1.8000   2.1750   0.1000        4.017        3.125
 116.00   1.8000   2.1750   0.3000        7.457        4.124
 117.00   1.8000   2.1750   0.5000       -1.892        5.096
 118.00   1.8000   2.1750   0.6750        4.610        7.628
 119.00   1.8000   2.1750   0.8250       12.167       11.064
 120.00   1.8000   2.1750   0.9500       22.006       16.307
 121.00   1.8000   2.2250  -0.7750        0.056        1.377
 122.00   1.8000   2.2250  -0.5250       -0.261        0.658
 123.00   1.8000   2.2250  -0.3000        0.770        1.494
 124.00   1.8000   2.2250  -0.1000        1.694        1.978
 125.00   1.8000   2.2250   0.1000        2.061        3.038
 126.00   1.8000   2.2250   0.3000       -0.198        3.706
 127.00   1.8000   2.2250   0.5000        7.557        5.194
 128.00   1.8000   2.2250   0.6750       14.740        7.188
 129.00   1.8000   2.2250   0.8250       13.965       10.899
 130.00   1.8000   2.2250   0.9500        3.814       15.629
 131.00   1.8000   2.2750  -0.7750        0.661        1.064
 132.00   1.8000   2.2750  -0.5250       -0.064        0.909
 133.00   1.8000   2.2750  -0.3000        0.788        1.419
 134.00   1.8000   2.2750  -0.1000       -0.365        1.812
 135.00   1.8000   2.2750   0.1000        2.740        2.558
 136.00   1.8000   2.2750   0.3000        3.145        3.417
 137.00   1.8000   2.2750   0.5000        0.705        4.467
 138.00   1.8000   2.2750   0.6750        3.495        7.009
 139.00   1.8000   2.2750   0.8250       16.807       10.867
 140.00   1.8000   2.2750   0.9500        4.133       16.664
 141.00   1.8000   2.3250  -0.7750       -0.292        1.363
 142.00   1.8000   2.3250  -0.5250       -0.049        0.595
 143.00   1.8000   2.3250  -0.3000        0.369        1.369
 144.00   1.8000   2.3250  -0.1000        0.852        1.318
 145.00   1.8000   2.3250   0.1000        2.001        2.332
 146.00   1.8000   2.3250   0.3000        1.983        3.087
 147.00   1.8000   2.3250   0.5000        3.373        4.321
 148.00   1.8000   2.3250   0.6750       13.134        7.409
 149.00   1.8000   2.3250   0.8250       13.417       10.214
 150.00   1.8000   2.3250   0.9500        7.225       17.745
 151.00   1.8000   2.3750  -0.7750       -0.622        0.831
 152.00   1.8000   2.3750  -0.5250        0.047        0.474
 153.00   1.8000   2.3750  -0.3000        1.145        1.234
 154.00   1.8000   2.3750  -0.1000        1.174        1.691
 155.00   1.8000   2.3750   0.1000        1.119        1.761
 156.00   1.8000   2.3750   0.3000        0.508        2.784
 157.00   1.8000   2.3750   0.5000        6.688        4.340
 158.00   1.8000   2.3750   0.6750        6.571        7.076
 159.00   1.8000   2.3750   0.8250        9.048       10.210
 160.00   1.8000   2.3750   0.9500       12.066       17.057
 161.00   1.8000   2.4250  -0.7750        0.085        0.639
 162.00   1.8000   2.4250  -0.5250       -0.251        0.630
 163.00   1.8000   2.4250  -0.3000       -0.132        0.628
 164.00   1.8000   2.4250  -0.1000       -0.237        1.203
 165.00   1.8000   2.4250   0.1000        0.249        1.517
 166.00   1.8000   2.4250   0.3000        1.520        2.532
 167.00   1.8000   2.4250   0.5000        8.748        3.982
 168.00   1.8000   2.4250   0.6750       13.167        6.960
 169.00   1.8000   2.4250   0.8250       15.546        9.830
 170.00   1.8000   2.4250   0.9500       22.825       19.011
 171.00   1.8000   2.4750  -0.7750        0.670        0.999
 172.00   1.8000   2.4750  -0.5250        0.236        0.481
 173.00   1.8000   2.4750  -0.3000        0.116        0.817
 174.00   1.8000   2.4750  -0.1000       -0.066        0.878
 175.00   1.8000   2.4750   0.1000       -0.846        1.440
 176.00   1.8000   2.4750   0.3000        3.075        2.195
 177.00   1.8000   2.4750   0.5000        2.574        3.619
 178.00   1.8000   2.4750   0.6750        0.220        0.210
 179.00   1.8000   2.4750   0.8250        9.205        9.396
 180.00   1.8000   2.4750   0.9500       21.731       16.922
 181.00   1.8000   2.5250  -0.7750        0.029        0.606
 182.00   1.8000   2.5250  -0.5250        0.025        0.246
 183.00   1.8000   2.5250  -0.3000        0.107        0.483
 184.00   1.8000   2.5250  -0.1000        0.182        0.716
 185.00   1.8000   2.5250   0.1000        0.006        0.843
 186.00   1.8000   2.5250   0.3000        0.041        1.861
 187.00   1.8000   2.5250   0.5000        2.375        3.176
 188.00   1.8000   2.5250   0.6750        0.940        5.876
 189.00   1.8000   2.5250   0.8250        7.505        8.835
 190.00   1.8000   2.5250   0.9500       17.107       17.861
 191.00   1.8000   2.5750  -0.7750       -0.015        0.062
 192.00   1.8000   2.5750  -0.5250       -0.018        0.103
 193.00   1.8000   2.5750  -0.3000        0.074        0.247
 194.00   1.8000   2.5750  -0.1000        0.202        0.653
 195.00   1.8000   2.5750   0.1000        0.150        0.905
 196.00   1.8000   2.5750   0.3000        0.925        1.439
 197.00   1.8000   2.5750   0.5000       -0.620        2.719
 198.00   1.8000   2.5750   0.6750        9.884        5.634
 199.00   1.8000   2.5750   0.8250        2.788        8.377
 200.00   1.8000   2.5750   0.9500       15.978       17.373
   1.00   2.6000   1.6300  -0.7750        2.233       10.879
   2.00   2.6000   1.6300  -0.5250       11.477        9.247
   3.00   2.6000   1.6300  -0.3000       -3.544        5.799
   4.00   2.6000   1.6300  -0.1000        7.284       10.202
   5.00   2.6000   1.6300   0.1000        8.809        9.764
   6.00   2.6000   1.6300   0.3000       -8.085       12.035
   7.00   2.6000   1.6300   0.5000       17.057       11.636
   8.00   2.6000   1.6300   0.6750      -10.895       14.718
   9.00   2.6000   1.6300   0.8250       17.311       18.235
  10.00   2.6000   1.6300   0.9500        4.638       20.760
  11.00   2.6000   1.6750  -0.7750        4.023        8.003
  12.00   2.6000   1.6750  -0.5250        4.118        8.008
  13.00   2.6000   1.6750  -0.3000       10.878        7.238
  14.00   2.6000   1.6750  -0.1000       15.654        9.126
  15.00   2.6000   1.6750   0.1000        5.960        9.103
  16.00   2.6000   1.6750   0.3000       -7.391        8.549
  17.00   2.6000   1.6750   0.5000       -6.179        9.447
  18.00   2.6000   1.6750   0.6750       20.202       13.642
  19.00   2.6000   1.6750   0.8250       29.334       14.702
  20.00   2.6000   1.6750   0.9500        0.286       21.136
  21.00   2.6000   1.7250  -0.7750        6.613        6.453
  22.00   2.6000   1.7250  -0.5250        8.730        5.669
  23.00   2.6000   1.7250  -0.3000       -5.609        6.725
  24.00   2.6000   1.7250  -0.1000       10.290        7.630
  25.00   2.6000   1.7250   0.1000        0.774        8.387
  26.00   2.6000   1.7250   0.3000        4.152        9.662
  27.00   2.6000   1.7250   0.5000        4.289       11.353
  28.00   2.6000   1.7250   0.6750       11.473       12.925
  29.00   2.6000   1.7250   0.8250       -1.070       15.733
  30.00   2.6000   1.7250   0.9500       -3.239       25.151
  31.00   2.6000   1.7750  -0.7750        2.739        4.561
  32.00   2.6000   1.7750  -0.5250        5.846        4.642
  33.00   2.6000   1.7750  -0.3000       15.057        5.700
  34.00   2.6000   1.7750  -0.1000        6.828        6.238
  35.00   2.6000   1.7750   0.1000        3.566        7.616
  36.00   2.6000   1.7750   0.3000        9.747        9.546
  37.00   2.6000   1.7750   0.5000       12.578        9.769
  38.00   2.6000   1.7750   0.6750       16.765       11.837
  39.00   2.6000   1.7750   0.8250      -13.820       13.739
  40.00   2.6000   1.7750   0.9500        4.901       20.479
  41.00   2.6000   1.8250  -0.7750        4.733        4.366
  42.00   2.6000   1.8250  -0.5250        4.350        4.250
  43.00   2.6000   1.8250  -0.3000       14.491        5.559
  44.00   2.6000   1.8250  -0.1000       17.475        6.177
  45.00   2.6000   1.8250   0.1000       11.220        6.407
  46.00   2.6000   1.8250   0.3000       10.992        8.031
  47.00   2.6000   1.8250   0.5000       12.466        8.545
  48.00   2.6000   1.8250   0.6750       13.147       10.519
  49.00   2.6000   1.8250   0.8250        6.678       11.991
  50.00   2.6000   1.8250   0.9500       11.543       17.549
  51.00   2.6000   1.8750  -0.7750        5.943        4.785
  52.00   2.6000   1.8750  -0.5250        6.535        3.589
  53.00   2.6000   1.8750  -0.3000        9.477        5.294
  54.00   2.6000   1.8750  -0.1000       13.165        5.216
  55.00   2.6000   1.8750   0.1000       -1.768        5.951
  56.00   2.6000   1.8750   0.3000        4.117        6.534
  57.00   2.6000   1.8750   0.5000        0.532        8.140
  58.00   2.6000   1.8750   0.6750        9.872       10.841
  59.00   2.6000   1.8750   0.8250        2.551       11.293
  60.00   2.6000   1.8750   0.9500       26.673       16.519
  61.00   2.6000   1.9250  -0.7750        2.163        4.379
  62.00   2.6000   1.9250  -0.5250        3.482        3.086
  63.00   2.6000   1.9250  -0.3000        4.942        3.636
  64.00   2.6000   1.9250  -0.1000        8.154        4.334
  65.00   2.6000   1.9250   0.1000        5.847        4.837
  66.00   2.6000   1.9250   0.3000        4.216        5.801
  67.00   2.6000   1.9250   0.5000       12.417        6.973
  68.00   2.6000   1.9250   0.6750       -3.892        9.289
  69.00   2.6000   1.9250   0.8250        7.578       10.692
  70.00   2.6000   1.9250   0.9500       15.898       16.254
  71.00   2.6000   1.9750  -0.7750        3.425        3.076
  72.00   2.6000   1.9750  -0.5250        2.853        1.914
  73.00   2.6000   1.9750  -0.3000        0.783        2.317
  74.00   2.6000   1.9750  -0.1000        3.441        3.424
  75.00   2.6000   1.9750   0.1000        0.772        4.577
  76.00   2.6000   1.9750   0.3000        3.908        5.384
  77.00   2.6000   1.9750   0.5000       11.846        6.206
  78.00   2.6000   1.9750   0.6750       -5.070        8.594
  79.00   2.6000   1.9750   0.8250       25.281       10.337
  80.00   2.6000   1.9750   0.9500        4.497       14.746
  81.00   2.6000   2.0250  -0.7750        0.055        2.266
  82.00   2.6000   2.0250  -0.5250       -1.120        1.575
  83.00   2.6000   2.0250  -0.3000        2.732        2.439
  84.00   2.6000   2.0250  -0.1000        0.549        3.144
  85.00   2.6000   2.0250   0.1000        0.709        4.125
  86.00   2.6000   2.0250   0.3000        1.368        4.595
  87.00   2.6000   2.0250   0.5000        4.511        5.511
  88.00   2.6000   2.0250   0.6750        7.986        7.712
  89.00   2.6000   2.0250   0.8250        5.162        9.453
  90.00   2.6000   2.0250   0.9500        0.491       13.757
  91.00   2.6000   2.0750  -0.7750       -0.349        1.991
  92.00   2.6000   2.0750  -0.5250        0.588        1.139
  93.00   2.6000   2.0750  -0.3000       -0.428        2.187
  94.00   2.6000   2.0750  -0.1000        0.313        2.950
  95.00   2.6000   2.0750   0.1000        3.265        3.413
  96.00   2.6000   2.0750   0.3000        5.145        3.912
  97.00   2.6000   2.0750   0.5000        3.375        4.954
  98.00   2.6000   2.0750   0.6750        3.627        7.046
  99.00   2.6000   2.0750   0.8250        8.073        9.965
 100.00   2.6000   2.0750   0.9500       26.272       13.751
 101.00   2.6000   2.1250  -0.7750       -0.117        0.501
 102.00   2.6000   2.1250  -0.5250        0.145        0.805
 103.00   2.6000   2.1250  -0.3000        0.795        1.729
 104.00   2.6000   2.1250  -0.1000        0.015        2.409
 105.00   2.6000   2.1250   0.1000        1.228        3.122
 106.00   2.6000   2.1250   0.3000        7.386        3.634
 107.00   2.6000   2.1250   0.5000        5.727        4.357
 108.00   2.6000   2.1250   0.6750        4.306        6.647
 109.00   2.6000   2.1250   0.8250        6.301        9.323
 110.00   2.6000   2.1250   0.9500       31.713       13.643
 111.00   2.6000   2.1750  -0.7750       -0.416        1.239
 112.00   2.6000   2.1750  -0.5250        0.463        1.140
 113.00   2.6000   2.1750  -0.3000        0.252        1.379
 114.00   2.6000   2.1750  -0.1000        0.521        1.733
 115.00   2.6000   2.1750   0.1000        0.178        2.587
 116.00   2.6000   2.1750   0.3000       -1.018        2.822
 117.00   2.6000   2.1750   0.5000        1.791        3.908
 118.00   2.6000   2.1750   0.6750        3.808        6.715
 119.00   2.6000   2.1750   0.8250        0.630        9.365
 120.00   2.6000   2.1750   0.9500       -2.401       14.187
 121.00   2.6000   2.2250  -0.7750       -0.120        0.853
 122.00   2.6000   2.2250  -0.5250       -0.492        0.831
 123.00   2.6000   2.2250  -0.3000        0.394        1.085
 124.00   2.6000   2.2250  -0.1000       -0.162        1.453
 125.00   2.6000   2.2250   0.1000       -0.114        1.955
 126.00   2.6000   2.2250   0.3000        2.085        2.837
 127.00   2.6000   2.2250   0.5000        6.072        4.202
 128.00   2.6000   2.2250   0.6750        4.749        5.760
 129.00   2.6000   2.2250   0.8250        4.334        8.581
 130.00   2.6000   2.2250   0.9500        9.487       14.079
 131.00   2.6000   2.2750  -0.7750        0.126        0.531
 132.00   2.6000   2.2750  -0.5250        0.112        0.544
 133.00   2.6000   2.2750  -0.3000       -0.075        0.864
 134.00   2.6000   2.2750  -0.1000        0.851        1.265
 135.00   2.6000   2.2750   0.1000        0.019        1.807
 136.00   2.6000   2.2750   0.3000        0.236        2.490
 137.00   2.6000   2.2750   0.5000        6.372        3.766
 138.00   2.6000   2.2750   0.6750        8.107        6.360
 139.00   2.6000   2.2750   0.8250       13.132        9.397
 140.00   2.6000   2.2750   0.9500       -1.531       15.396
 141.00   2.6000   2.3250  -0.7750       -0.128        1.015
 142.00   2.6000   2.3250  -0.5250       -0.026        0.658
 143.00   2.6000   2.3250  -0.3000        0.030        0.624
 144.00   2.6000   2.3250  -0.1000        0.123        0.854
 145.00   2.6000   2.3250   0.1000        2.259        1.836
 146.00   2.6000   2.3250   0.3000        2.264        2.387
 147.00   2.6000   2.3250   0.5000        3.376        3.476
 148.00   2.6000   2.3250   0.6750       -7.633        5.730
 149.00   2.6000   2.3250   0.8250        3.933        8.218
 150.00   2.6000   2.3250   0.9500        3.343       13.930
 151.00   2.6000   2.3750  -0.7750       -0.013        0.681
 152.00   2.6000   2.3750  -0.5250        0.205        0.558
 153.00   2.6000   2.3750  -0.3000        0.293        0.879
 154.00   2.6000   2.3750  -0.1000        0.407        1.086
 155.00   2.6000   2.3750   0.1000        0.396        1.551
 156.00   2.6000   2.3750   0.3000       -1.827        2.152
 157.00   2.6000   2.3750   0.5000       -4.069        3.404
 158.00   2.6000   2.3750   0.6750        7.381        6.387
 159.00   2.6000   2.3750   0.8250        2.108       10.073
 160.00   2.6000   2.3750   0.9500        7.348       14.713
   1.00   3.4500   1.6300  -0.7750       -6.067        5.587
   2.00   3.4500   1.6300  -0.5250        1.135        4.032
   3.00   3.4500   1.6300  -0.3000       -0.365        2.624
   4.00   3.4500   1.6300  -0.1000        0.774        4.883
   5.00   3.4500   1.6300   0.1000       -0.208        3.535
   6.00   3.4500   1.6300   0.3000       -0.635        3.535
   7.00   3.4500   1.6300   0.5000       -0.816        5.129
   8.00   3.4500   1.6300   0.6750        0.694        5.368
   9.00   3.4500   1.6300   0.8250        2.431        6.509
  10.00   3.4500   1.6300   0.9500        0.423        9.952
  11.00   3.4500   1.6750  -0.7750        5.013        3.107
  12.00   3.4500   1.6750  -0.5250        2.526        2.732
  13.00   3.4500   1.6750  -0.3000        5.067        2.938
  14.00   3.4500   1.6750  -0.1000        2.572        2.766
  15.00   3.4500   1.6750   0.1000        3.453        2.634
  16.00   3.4500   1.6750   0.3000        4.975        3.867
  17.00   3.4500   1.6750   0.5000        2.964        4.016
  18.00   3.4500   1.6750   0.6750        6.363        5.192
  19.00   3.4500   1.6750   0.8250        3.936        6.724
  20.00   3.4500   1.6750   0.9500      -13.872        8.633
  21.00   3.4500   1.7250  -0.7750        3.017        2.914
  22.00   3.4500   1.7250  -0.5250        4.402        1.952
  23.00   3.4500   1.7250  -0.3000        2.284        2.465
  24.00   3.4500   1.7250  -0.1000        8.248        2.649
  25.00   3.4500   1.7250   0.1000        6.729        3.112
  26.00   3.4500   1.7250   0.3000        7.999        4.390
  27.00   3.4500   1.7250   0.5000        0.933        3.805
  28.00   3.4500   1.7250   0.6750        0.568        5.083
  29.00   3.4500   1.7250   0.8250       13.064        6.166
  30.00   3.4500   1.7250   0.9500        8.448        8.202
  31.00   3.4500   1.7750  -0.7750        2.059        1.481
  32.00   3.4500   1.7750  -0.5250        2.126        1.774
  33.00   3.4500   1.7750  -0.3000        6.823        2.290
  34.00   3.4500   1.7750  -0.1000        6.259        2.916
  35.00   3.4500   1.7750   0.1000        0.035        2.770
  36.00   3.4500   1.7750   0.3000        5.685        3.355
  37.00   3.4500   1.7750   0.5000        4.833        4.161
  38.00   3.4500   1.7750   0.6750        6.148        4.358
  39.00   3.4500   1.7750   0.8250       -1.943        5.070
  40.00   3.4500   1.7750   0.9500       12.841       10.174
  41.00   3.4500   1.8250  -0.7750        1.870        2.323
  42.00   3.4500   1.8250  -0.5250        1.681        1.701
  43.00   3.4500   1.8250  -0.3000        3.986        2.068
  44.00   3.4500   1.8250  -0.1000        3.664        2.178
  45.00   3.4500   1.8250   0.1000        4.192        2.648
  46.00   3.4500   1.8250   0.3000       -0.465        3.091
  47.00   3.4500   1.8250   0.5000        6.786        3.784
  48.00   3.4500   1.8250   0.6750        5.682        4.779
  49.00   3.4500   1.8250   0.8250       -4.273        4.937
  50.00   3.4500   1.8250   0.9500        1.901        7.687
  51.00   3.4500   1.8750  -0.7750        0.889        1.606
  52.00   3.4500   1.8750  -0.5250        3.627        1.871
  53.00   3.4500   1.8750  -0.3000        4.805        1.937
  54.00   3.4500   1.8750  -0.1000        4.737        1.803
  55.00   3.4500   1.8750   0.1000        0.533        2.644
  56.00   3.4500   1.8750   0.3000        4.109        2.506
  57.00   3.4500   1.8750   0.5000        5.234        3.259
  58.00   3.4500   1.8750   0.6750        4.855        3.825
  59.00   3.4500   1.8750   0.8250        2.788        4.631
  60.00   3.4500   1.8750   0.9500        0.988        7.367
  61.00   3.4500   1.9250  -0.7750        1.302        1.522
  62.00   3.4500   1.9250  -0.5250        2.646        1.541
  63.00   3.4500   1.9250  -0.3000        3.015        1.575
  64.00   3.4500   1.9250  -0.1000        1.011        1.745
  65.00   3.4500   1.9250   0.1000        1.492        1.731
  66.00   3.4500   1.9250   0.3000        3.350        2.383
  67.00   3.4500   1.9250   0.5000        1.723        2.540
  68.00   3.4500   1.9250   0.6750        8.327        4.262
  69.00   3.4500   1.9250   0.8250        4.775        5.166
  70.00   3.4500   1.9250   0.9500       10.582        6.982
  71.00   3.4500   1.9750  -0.7750        3.048        1.593
  72.00   3.4500   1.9750  -0.5250        1.856        1.159
  73.00   3.4500   1.9750  -0.3000        2.207        1.155
  74.00   3.4500   1.9750  -0.1000        1.616        1.251
  75.00   3.4500   1.9750   0.1000       -0.229        1.567
  76.00   3.4500   1.9750   0.3000        0.999        2.079
  77.00   3.4500   1.9750   0.5000        5.576        2.823
  78.00   3.4500   1.9750   0.6750        9.498        3.935
  79.00   3.4500   1.9750   0.8250        3.030        4.520
  80.00   3.4500   1.9750   0.9500        2.585        6.236
  81.00   3.4500   2.0250  -0.7750        0.259        0.651
  82.00   3.4500   2.0250  -0.5250        0.093        0.795
  83.00   3.4500   2.0250  -0.3000        1.925        1.131
  84.00   3.4500   2.0250  -0.1000        0.386        1.294
  85.00   3.4500   2.0250   0.1000        2.664        1.639
  86.00   3.4500   2.0250   0.3000        1.451        2.121
  87.00   3.4500   2.0250   0.5000        2.177        2.612
  88.00   3.4500   2.0250   0.6750        2.553        3.914
  89.00   3.4500   2.0250   0.8250        4.099        4.729
  90.00   3.4500   2.0250   0.9500       13.125        6.548
  91.00   3.4500   2.0750  -0.7750        0.245        0.510
  92.00   3.4500   2.0750  -0.5250       -0.034        0.638
  93.00   3.4500   2.0750  -0.3000       -0.011        1.004
  94.00   3.4500   2.0750  -0.1000        1.409        1.215
  95.00   3.4500   2.0750   0.1000        2.381        1.458
  96.00   3.4500   2.0750   0.3000        2.004        1.655
  97.00   3.4500   2.0750   0.5000        4.868        2.181
  98.00   3.4500   2.0750   0.6750        3.142        3.139
  99.00   3.4500   2.0750   0.8250        2.703        4.651
 100.00   3.4500   2.0750   0.9500        1.507        6.262
 101.00   3.4500   2.1250  -0.7750       -0.039        0.520
 102.00   3.4500   2.1250  -0.5250       -0.098        0.535
 103.00   3.4500   2.1250  -0.3000        0.432        0.987
 104.00   3.4500   2.1250  -0.1000        1.828        0.965
 105.00   3.4500   2.1250   0.1000        2.181        1.368
 106.00   3.4500   2.1250   0.3000        1.949        1.359
 107.00   3.4500   2.1250   0.5000        4.435        1.876
 108.00   3.4500   2.1250   0.6750        3.422        3.158
 109.00   3.4500   2.1250   0.8250        0.971        3.903
 110.00   3.4500   2.1250   0.9500        5.184        6.462
 111.00   3.4500   2.1750  -0.7750        0.001        0.109
 112.00   3.4500   2.1750  -0.5250        0.150        0.544
 113.00   3.4500   2.1750  -0.3000       -0.102        0.760
 114.00   3.4500   2.1750  -0.1000       -0.438        0.848
 115.00   3.4500   2.1750   0.1000        1.316        1.069
 116.00   3.4500   2.1750   0.3000        2.167        1.351
 117.00   3.4500   2.1750   0.5000       -0.891        1.906
 118.00   3.4500   2.1750   0.6750        2.165        3.121
 119.00   3.4500   2.1750   0.8250        3.399        4.096
 120.00   3.4500   2.1750   0.9500        9.222        6.660
