$vars: wlab_min (GeV) & wlab_max (GeV) & costhkcm & diffcs -sysErr:rel:0.07 -dcos


#        E_lab bins       costh      diffcs    err_stat
# -----------------       -----      ------    --------
  1.500       1.550        0.95       1.373      0.1023
  1.500       1.550        0.85       1.200      0.1166
  1.500       1.550        0.75       1.711      0.1729
  1.550       1.600        0.95       1.415      0.0981
  1.550       1.600        0.85       1.319      0.1166
  1.550       1.600        0.75       1.122      0.1313
  1.600       1.650        0.95       1.342      0.0897
  1.600       1.650        0.85       1.345      0.1106
  1.600       1.650        0.75       1.438      0.1417
  1.650       1.700        0.95       1.566      0.0983
  1.650       1.700        0.85       1.443      0.1151
  1.650       1.700        0.75       1.116      0.1256
  1.700       1.750        0.95       1.404      0.0914
  1.700       1.750        0.85       1.168      0.1020
  1.700       1.750        0.75       1.567      0.1455
  1.750       1.800        0.95       1.366      0.0835
  1.750       1.800        0.85       1.347      0.1018
  1.750       1.800        0.75       1.605      0.1371
  1.800       1.850        0.95       1.401      0.0793
  1.800       1.850        0.85       1.351      0.0948
  1.800       1.850        0.75       1.775      0.1350
  1.850       1.900        0.95       1.091      0.0673
  1.850       1.900        0.85       1.366      0.0908
  1.850       1.900        0.75       1.307      0.1097
  1.900       1.950        0.95       1.184      0.0716
  1.900       1.950        0.85       1.233      0.0874
  1.900       1.950        0.75       1.439      0.1179
  1.950       2.000        0.95       0.822      0.0534
  1.950       2.000        0.85       1.133      0.0756
  1.950       2.000        0.75       1.181      0.0955
  2.000       2.050        0.95       0.912      0.0530
  2.000       2.050        0.85       1.145      0.0713
  2.000       2.050        0.75       1.176      0.0905
  2.050       2.100        0.95       0.886      0.0516
  2.050       2.100        0.85       1.103      0.0682
  2.050       2.100        0.75       1.105      0.0852
  2.100       2.150        0.95       0.834      0.0530
  2.100       2.150        0.85       1.028      0.0693
  2.100       2.150        0.75       1.014      0.0870
  2.150       2.200        0.95       0.835      0.0469
  2.150       2.200        0.85       1.031      0.0610
  2.150       2.200        0.75       0.989      0.0759
  2.200       2.250        0.95       0.896      0.0469
  2.200       2.250        0.85       1.039      0.0590
  2.200       2.250        0.75       1.119      0.0776
  2.250       2.300        0.95       0.819      0.0446
  2.250       2.300        0.85       1.023      0.0574
  2.250       2.300        0.75       1.098      0.0761
  2.300       2.350        0.95       0.889      0.0473
  2.300       2.350        0.85       1.039      0.0590
  2.300       2.350        0.75       0.979      0.0731
  2.350       2.400        0.95       0.859      0.0513
  2.350       2.400        0.85       0.914      0.0604
  2.350       2.400        0.75       1.001      0.0810
