# Glander et al., Eur. Phys. J. A 19, 251 (2004)

$vars: costhkcm_min & costhkcm_max & diffcs & /

$const: wlab_min 1.0500 (GeV) & wlab_max 1.0750 (GeV)

-1.0        -0.9       0.021       0.018       0.017
-0.9        -0.8       0.017       0.016       0.011
-0.8        -0.7       0.005       0.008       0.008
-0.7        -0.6       0.025       0.012       0.012
-0.6        -0.5       0.033       0.015       0.015
-0.5        -0.4       0.017       0.014       0.012
-0.4        -0.3       0.029       0.013       0.013
-0.3        -0.2       0.049       0.021       0.019
-0.2        -0.1       0.036       0.016       0.016
-0.1         0.0       0.031       0.020       0.014
 0.0         0.1       0.030       0.024       0.012
 0.1         0.2       0.042       0.016       0.016
 0.2         0.3       0.031       0.014       0.014
 0.3         0.4       0.057       0.017       0.017
 0.4         0.5       0.011       0.009       0.009
 0.5         0.6       0.016       0.023       0.010
 0.6         0.7       0.037       0.019       0.013
 0.7         0.8       0.023       0.023       0.011
 0.8         0.9       0.029       0.011       0.011
 0.9         1.0       0.019       0.014       0.014

$const: wlab_min 1.0750 (GeV) & wlab_max 1.1000 (GeV)

-1.0        -0.9       0.017       0.013       0.013
-0.9        -0.8       0.015       0.016       0.009
-0.8        -0.7       0.028       0.009       0.009
-0.7        -0.6       0.029       0.009       0.009
-0.6        -0.5       0.031       0.010       0.010
-0.5        -0.4       0.036       0.015       0.011
-0.4        -0.3       0.028       0.012       0.010
-0.3        -0.2       0.045       0.013       0.013
-0.2        -0.1       0.035       0.017       0.011
-0.1         0.0       0.043       0.018       0.012
 0.0         0.1       0.051       0.013       0.013
 0.1         0.2       0.050       0.013       0.013
 0.2         0.3       0.082       0.016       0.016
 0.3         0.4       0.041       0.026       0.011
 0.4         0.5       0.067       0.014       0.014
 0.5         0.6       0.039       0.017       0.011
 0.6         0.7       0.075       0.014       0.014
 0.7         0.8       0.038       0.009       0.009
 0.8         0.9       0.031       0.015       0.009
 0.9         1.0       0.046       0.017       0.014

$const: wlab_min 1.1000 (GeV) & wlab_max 1.1250 (GeV)

-1.0        -0.9       0.024       0.012       0.012
-0.9        -0.8       0.013       0.007       0.007
-0.8        -0.7       0.032       0.012       0.010
-0.7        -0.6       0.044       0.019       0.011
-0.6        -0.5       0.044       0.011       0.011
-0.5        -0.4       0.026       0.011       0.008
-0.4        -0.3       0.046       0.018       0.012
-0.3        -0.2       0.058       0.013       0.013
-0.2        -0.1       0.055       0.016       0.012
-0.1         0.0       0.067       0.013       0.013
 0.0         0.1       0.039       0.010       0.010
 0.1         0.2       0.063       0.012       0.012
 0.2         0.3       0.066       0.020       0.013
 0.3         0.4       0.083       0.014       0.014
 0.4         0.5       0.088       0.014       0.014
 0.5         0.6       0.055       0.017       0.011
 0.6         0.7       0.067       0.012       0.012
 0.7         0.8       0.069       0.012       0.012
 0.8         0.9       0.086       0.016       0.014
 0.9         1.0       0.045       0.012       0.012

$const: wlab_min 1.1250 (GeV) & wlab_max 1.1500 (GeV)

-1.0        -0.9       0.059       0.018       0.018
-0.9        -0.8       0.029       0.016       0.011
-0.8        -0.7       0.042       0.012       0.012
-0.7        -0.6       0.049       0.012       0.012
-0.6        -0.5       0.035       0.020       0.010
-0.5        -0.4       0.051       0.012       0.011
-0.4        -0.3       0.070       0.014       0.014
-0.3        -0.2       0.066       0.025       0.013
-0.2        -0.1       0.061       0.016       0.012
-0.1         0.0       0.059       0.022       0.011
 0.0         0.1       0.073       0.022       0.013
 0.1         0.2       0.069       0.025       0.012
 0.2         0.3       0.090       0.014       0.014
 0.3         0.4       0.092       0.014       0.014
 0.4         0.5       0.082       0.012       0.012
 0.5         0.6       0.073       0.012       0.012
 0.6         0.7       0.065       0.011       0.011
 0.7         0.8       0.079       0.020       0.013
 0.8         0.9       0.076       0.015       0.013
 0.9         1.0       0.043       0.035       0.012

$const: wlab_min 1.1500 (GeV) & wlab_max 1.2000 (GeV)

-1.0        -0.9       0.021       0.011       0.008
-0.9        -0.8       0.033       0.008       0.007
-0.8        -0.7       0.016       0.006       0.005
-0.7        -0.6       0.043       0.008       0.008
-0.6        -0.5       0.061       0.009       0.009
-0.5        -0.4       0.068       0.009       0.009
-0.4        -0.3       0.058       0.015       0.008
-0.3        -0.2       0.075       0.009       0.009
-0.2        -0.1       0.071       0.019       0.009
-0.1         0.0       0.091       0.010       0.010
 0.0         0.1       0.106       0.011       0.010
 0.1         0.2       0.114       0.014       0.010
 0.2         0.3       0.101       0.022       0.010
 0.3         0.4       0.121       0.014       0.010
 0.4         0.5       0.099       0.016       0.009
 0.5         0.6       0.104       0.025       0.009
 0.6         0.7       0.124       0.011       0.011
 0.7         0.8       0.115       0.010       0.010
 0.8         0.9       0.103       0.011       0.010
 0.9         1.0       0.089       0.015       0.012

$const: wlab_min 1.2000 (GeV) & wlab_max 1.2500 (GeV)

-1.0        -0.9       0.070       0.017       0.017
-0.9        -0.8       0.040       0.011       0.009
-0.8        -0.7       0.029       0.016       0.007
-0.7        -0.6       0.056       0.008       0.008
-0.6        -0.5       0.054       0.008       0.008
-0.5        -0.4       0.090       0.010       0.010
-0.4        -0.3       0.091       0.010       0.010
-0.3        -0.2       0.100       0.023       0.010
-0.2        -0.1       0.107       0.010       0.010
-0.1         0.0       0.119       0.011       0.011
 0.0         0.1       0.139       0.023       0.011
 0.1         0.2       0.145       0.015       0.012
 0.2         0.3       0.133       0.012       0.010
 0.3         0.4       0.142       0.026       0.011
 0.4         0.5       0.138       0.010       0.010
 0.5         0.6       0.141       0.011       0.011
 0.6         0.7       0.120       0.010       0.010
 0.7         0.8       0.135       0.014       0.011
 0.8         0.9       0.114       0.016       0.011
 0.9         1.0       0.120       0.023       0.014

$const: wlab_min 1.2500 (GeV) & wlab_max 1.3000 (GeV)

-1.0        -0.9       0.056       0.026       0.018
-0.9        -0.8       0.062       0.012       0.012
-0.8        -0.7       0.042       0.020       0.008
-0.7        -0.6       0.061       0.018       0.009
-0.6        -0.5       0.073       0.011       0.010
-0.5        -0.4       0.066       0.022       0.008
-0.4        -0.3       0.094       0.026       0.010
-0.3        -0.2       0.123       0.011       0.011
-0.2        -0.1       0.121       0.022       0.011
-0.1         0.0       0.155       0.035       0.012
 0.0         0.1       0.155       0.012       0.012
 0.1         0.2       0.152       0.021       0.012
 0.2         0.3       0.149       0.021       0.011
 0.3         0.4       0.171       0.030       0.012
 0.4         0.5       0.190       0.018       0.012
 0.5         0.6       0.200       0.022       0.013
 0.6         0.7       0.153       0.013       0.011
 0.7         0.8       0.152       0.014       0.012
 0.8         0.9       0.144       0.021       0.012
 0.9         1.0       0.098       0.015       0.012

$const: wlab_min 1.3000 (GeV) & wlab_max 1.3500 (GeV)

-1.0        -0.9       0.054       0.022       0.018
-0.9        -0.8       0.051       0.012       0.012
-0.8        -0.7       0.078       0.013       0.013
-0.7        -0.6       0.059       0.012       0.010
-0.6        -0.5       0.075       0.028       0.010
-0.5        -0.4       0.098       0.018       0.010
-0.4        -0.3       0.111       0.011       0.011
-0.3        -0.2       0.131       0.012       0.012
-0.2        -0.1       0.152       0.013       0.012
-0.1         0.0       0.174       0.029       0.013
 0.0         0.1       0.195       0.028       0.014
 0.1         0.2       0.226       0.018       0.015
 0.2         0.3       0.215       0.014       0.014
 0.3         0.4       0.209       0.015       0.013
 0.4         0.5       0.221       0.019       0.013
 0.5         0.6       0.209       0.023       0.013
 0.6         0.7       0.213       0.017       0.014
 0.7         0.8       0.195       0.017       0.014
 0.8         0.9       0.176       0.018       0.014
 0.9         1.0       0.110       0.013       0.013

$const: wlab_min 1.3500 (GeV) & wlab_max 1.4000 (GeV)

-1.0        -0.9       0.039       0.017       0.017
-0.9        -0.8       0.033       0.023       0.010
-0.8        -0.7       0.059       0.014       0.011
-0.7        -0.6       0.064       0.022       0.010
-0.6        -0.5       0.091       0.012       0.012
-0.5        -0.4       0.119       0.035       0.012
-0.4        -0.3       0.140       0.013       0.013
-0.3        -0.2       0.156       0.024       0.013
-0.2        -0.1       0.191       0.017       0.014
-0.1         0.0       0.234       0.027       0.016
 0.0         0.1       0.230       0.027       0.016
 0.1         0.2       0.223       0.025       0.015
 0.2         0.3       0.268       0.030       0.016
 0.3         0.4       0.242       0.015       0.015
 0.4         0.5       0.252       0.015       0.015
 0.5         0.6       0.257       0.020       0.016
 0.6         0.7       0.238       0.026       0.015
 0.7         0.8       0.220       0.029       0.015
 0.8         0.9       0.204       0.019       0.016
 0.9         1.0       0.177       0.036       0.018

$const: wlab_min 1.4000 (GeV) & wlab_max 1.4500 (GeV)

-1.0        -0.9       0.092       0.025       0.025
-0.9        -0.8       0.049       0.013       0.013
-0.8        -0.7       0.060       0.011       0.011
-0.7        -0.6       0.087       0.024       0.013
-0.6        -0.5       0.093       0.012       0.012
-0.5        -0.4       0.090       0.058       0.011
-0.4        -0.3       0.159       0.014       0.014
-0.3        -0.2       0.192       0.015       0.015
-0.2        -0.1       0.207       0.015       0.015
-0.1         0.0       0.228       0.031       0.016
 0.0         0.1       0.237       0.047       0.016
 0.1         0.2       0.253       0.017       0.017
 0.2         0.3       0.248       0.031       0.015
 0.3         0.4       0.272       0.022       0.016
 0.4         0.5       0.268       0.032       0.016
 0.5         0.6       0.256       0.016       0.016
 0.6         0.7       0.261       0.029       0.017
 0.7         0.8       0.227       0.030       0.016
 0.8         0.9       0.179       0.028       0.015
 0.9         1.0       0.159       0.017       0.017

$const: wlab_min 1.4500 (GeV) & wlab_max 1.5000 (GeV)

-1.0        -0.9       0.088       0.027       0.027
-0.9        -0.8       0.027       0.020       0.010
-0.8        -0.7       0.040       0.009       0.009
-0.7        -0.6       0.062       0.017       0.011
-0.6        -0.5       0.087       0.012       0.012
-0.5        -0.4       0.114       0.013       0.013
-0.4        -0.3       0.146       0.014       0.014
-0.3        -0.2       0.193       0.016       0.016
-0.2        -0.1       0.188       0.035       0.015
-0.1         0.0       0.209       0.018       0.015
 0.0         0.1       0.247       0.022       0.017
 0.1         0.2       0.246       0.016       0.016
 0.2         0.3       0.261       0.016       0.016
 0.3         0.4       0.233       0.015       0.015
 0.4         0.5       0.245       0.020       0.015
 0.5         0.6       0.254       0.028       0.016
 0.6         0.7       0.268       0.017       0.017
 0.7         0.8       0.203       0.018       0.015
 0.8         0.9       0.203       0.019       0.016
 0.9         1.0       0.120       0.019       0.015

$const: wlab_min 1.5000 (GeV) & wlab_max 1.5500 (GeV)

-1.0        -0.9       0.017       0.024       0.012
-0.9        -0.8       0.033       0.010       0.010
-0.8        -0.7       0.023       0.014       0.007
-0.7        -0.6       0.051       0.010       0.010
-0.6        -0.5       0.078       0.012       0.012
-0.5        -0.4       0.098       0.012       0.012
-0.4        -0.3       0.119       0.029       0.013
-0.3        -0.2       0.136       0.013       0.013
-0.2        -0.1       0.170       0.021       0.015
-0.1         0.0       0.164       0.021       0.014
 0.0         0.1       0.244       0.036       0.018
 0.1         0.2       0.235       0.017       0.017
 0.2         0.3       0.218       0.015       0.015
 0.3         0.4       0.228       0.022       0.015
 0.4         0.5       0.232       0.025       0.016
 0.5         0.6       0.220       0.016       0.015
 0.6         0.7       0.235       0.018       0.017
 0.7         0.8       0.203       0.036       0.016
 0.8         0.9       0.180       0.035       0.016
 0.9         1.0       0.118       0.016       0.016

$const: wlab_min 1.5500 (GeV) & wlab_max 1.6000 (GeV)

-1.0        -0.9       0.027       0.016       0.016
-0.9        -0.8       0.042       0.012       0.012
-0.8        -0.7       0.034       0.015       0.009
-0.7        -0.6       0.036       0.008       0.008
-0.6        -0.5       0.063       0.011       0.011
-0.5        -0.4       0.088       0.012       0.012
-0.4        -0.3       0.090       0.016       0.012
-0.3        -0.2       0.144       0.018       0.014
-0.2        -0.1       0.148       0.036       0.014
-0.1         0.0       0.167       0.015       0.015
 0.0         0.1       0.196       0.017       0.016
 0.1         0.2       0.182       0.014       0.014
 0.2         0.3       0.218       0.018       0.015
 0.3         0.4       0.222       0.031       0.015
 0.4         0.5       0.209       0.015       0.015
 0.5         0.6       0.256       0.020       0.017
 0.6         0.7       0.226       0.017       0.017
 0.7         0.8       0.197       0.016       0.016
 0.8         0.9       0.195       0.022       0.017
 0.9         1.0       0.143       0.019       0.017

$const: wlab_min 1.6000 (GeV) & wlab_max 1.6500 (GeV)

-1.0        -0.9       0.058       0.022       0.022
-0.9        -0.8       0.029       0.009       0.009
-0.8        -0.7       0.021       0.007       0.007
-0.7        -0.6       0.031       0.008       0.008
-0.6        -0.5       0.048       0.010       0.010
-0.5        -0.4       0.055       0.010       0.010
-0.4        -0.3       0.058       0.014       0.010
-0.3        -0.2       0.099       0.018       0.012
-0.2        -0.1       0.135       0.015       0.014
-0.1         0.0       0.142       0.017       0.014
 0.0         0.1       0.134       0.017       0.013
 0.1         0.2       0.169       0.014       0.014
 0.2         0.3       0.193       0.023       0.014
 0.3         0.4       0.214       0.015       0.015
 0.4         0.5       0.197       0.015       0.015
 0.5         0.6       0.195       0.029       0.015
 0.6         0.7       0.195       0.016       0.016
 0.7         0.8       0.186       0.016       0.016
 0.8         0.9       0.247       0.035       0.020
 0.9         1.0       0.161       0.020       0.020

$const: wlab_min 1.6500 (GeV) & wlab_max 1.7000 (GeV)

-1.0        -0.9       0.021       0.015       0.015
-0.9        -0.8       0.026       0.009       0.009
-0.8        -0.7       0.022       0.008       0.008
-0.7        -0.6       0.022       0.012       0.007
-0.6        -0.5       0.018       0.013       0.007
-0.5        -0.4       0.053       0.010       0.010
-0.4        -0.3       0.062       0.010       0.010
-0.3        -0.2       0.072       0.020       0.010
-0.2        -0.1       0.124       0.014       0.014
-0.1         0.0       0.116       0.022       0.013
 0.0         0.1       0.135       0.023       0.014
 0.1         0.2       0.146       0.014       0.013
 0.2         0.3       0.175       0.018       0.014
 0.3         0.4       0.193       0.014       0.014
 0.4         0.5       0.188       0.021       0.015
 0.5         0.6       0.221       0.019       0.017
 0.6         0.7       0.215       0.017       0.017
 0.7         0.8       0.232       0.023       0.019
 0.8         0.9       0.173       0.017       0.017
 0.9         1.0       0.173       0.022       0.022

$const: wlab_min 1.7000 (GeV) & wlab_max 1.7500 (GeV)

-1.0        -0.9       0.017       0.015       0.015
-0.9        -0.8       0.021       0.008       0.008
-0.8        -0.7       0.044       0.011       0.011
-0.7        -0.6       0.018       0.009       0.006
-0.6        -0.5       0.047       0.011       0.010
-0.5        -0.4       0.032       0.013       0.008
-0.4        -0.3       0.063       0.018       0.011
-0.3        -0.2       0.082       0.024       0.011
-0.2        -0.1       0.059       0.013       0.009
-0.1         0.0       0.100       0.012       0.012
 0.0         0.1       0.120       0.013       0.013
 0.1         0.2       0.122       0.017       0.012
 0.2         0.3       0.134       0.012       0.012
 0.3         0.4       0.205       0.016       0.016
 0.4         0.5       0.159       0.027       0.014
 0.5         0.6       0.182       0.017       0.015
 0.6         0.7       0.197       0.017       0.017
 0.7         0.8       0.240       0.028       0.020
 0.8         0.9       0.232       0.042       0.021
 0.9         1.0       0.195       0.022       0.022

$const: wlab_min 1.7500 (GeV) & wlab_max 1.8000 (GeV)

-1.0        -0.9       0.030       0.019       0.019
-0.9        -0.8       0.057       0.014       0.014
-0.8        -0.7       0.014       0.008       0.007
-0.7        -0.6       0.028       0.009       0.009
-0.6        -0.5       0.027       0.008       0.008
-0.5        -0.4       0.013       0.006       0.006
-0.4        -0.3       0.041       0.009       0.009
-0.3        -0.2       0.057       0.012       0.010
-0.2        -0.1       0.063       0.010       0.010
-0.1         0.0       0.110       0.013       0.013
 0.0         0.1       0.120       0.013       0.013
 0.1         0.2       0.134       0.016       0.013
 0.2         0.3       0.129       0.024       0.012
 0.3         0.4       0.183       0.020       0.015
 0.4         0.5       0.195       0.016       0.016
 0.5         0.6       0.194       0.016       0.016
 0.6         0.7       0.191       0.020       0.017
 0.7         0.8       0.210       0.019       0.019
 0.8         0.9       0.220       0.027       0.021
 0.9         1.0       0.199       0.036       0.025

$const: wlab_min 1.8000 (GeV) & wlab_max 1.8500 (GeV)

-1.0        -0.9       0.035       0.019       0.019
-0.9        -0.8       0.027       0.009       0.009
-0.8        -0.7       0.032       0.010       0.010
-0.7        -0.6       0.005       0.005       0.005
-0.6        -0.5       0.024       0.021       0.008
-0.5        -0.4       0.038       0.009       0.009
-0.4        -0.3       0.034       0.008       0.008
-0.3        -0.2       0.049       0.009       0.009
-0.2        -0.1       0.054       0.009       0.009
-0.1         0.0       0.088       0.012       0.012
 0.0         0.1       0.110       0.013       0.013
 0.1         0.2       0.114       0.019       0.012
 0.2         0.3       0.153       0.023       0.014
 0.3         0.4       0.161       0.014       0.014
 0.4         0.5       0.182       0.017       0.016
 0.5         0.6       0.187       0.017       0.017
 0.6         0.7       0.186       0.032       0.018
 0.7         0.8       0.254       0.039       0.022
 0.8         0.9       0.225       0.022       0.022
 0.9         1.0       0.159       0.026       0.022

$const: wlab_min 1.8500 (GeV) & wlab_max 1.9000 (GeV)

-1.0        -0.9       0.046       0.021       0.021
-0.9        -0.8       0.032       0.012       0.010
-0.8        -0.7       0.024       0.012       0.009
-0.7        -0.6       0.008       0.005       0.005
-0.6        -0.5       0.015       0.006       0.006
-0.5        -0.4       0.012       0.011       0.006
-0.4        -0.3       0.023       0.007       0.007
-0.3        -0.2       0.038       0.008       0.008
-0.2        -0.1       0.043       0.014       0.009
-0.1         0.0       0.074       0.012       0.011
 0.0         0.1       0.095       0.016       0.012
 0.1         0.2       0.101       0.011       0.011
 0.2         0.3       0.147       0.017       0.014
 0.3         0.4       0.158       0.019       0.015
 0.4         0.5       0.146       0.014       0.014
 0.5         0.6       0.210       0.018       0.018
 0.6         0.7       0.229       0.021       0.019
 0.7         0.8       0.283       0.024       0.024
 0.8         0.9       0.246       0.024       0.024
 0.9         1.0       0.162       0.036       0.024

$const: wlab_min 1.9000 (GeV) & wlab_max 1.9500 (GeV)

-1.0        -0.9       0.041       0.033       0.024
-0.9        -0.8       0.011       0.008       0.008
-0.8        -0.7       0.013       0.016       0.007
-0.7        -0.6       0.011       0.012       0.007
-0.6        -0.5       0.011       0.010       0.007
-0.5        -0.4       0.027       0.008       0.008
-0.4        -0.3       0.028       0.013       0.008
-0.3        -0.2       0.044       0.017       0.009
-0.2        -0.1       0.056       0.010       0.010
-0.1         0.0       0.062       0.010       0.010
 0.0         0.1       0.081       0.011       0.011
 0.1         0.2       0.109       0.012       0.012
 0.2         0.3       0.127       0.016       0.013
 0.3         0.4       0.131       0.013       0.013
 0.4         0.5       0.189       0.027       0.017
 0.5         0.6       0.168       0.020       0.017
 0.6         0.7       0.183       0.023       0.018
 0.7         0.8       0.173       0.019       0.019
 0.8         0.9       0.215       0.023       0.023
 0.9         1.0       0.140       0.031       0.024

$const: wlab_min 1.9500 (GeV) & wlab_max 2.0000 (GeV)

-1.0        -0.9       0.025       0.019       0.019
-0.9        -0.8       0.009       0.009       0.009
-0.8        -0.7       0.039       0.011       0.011
-0.7        -0.6       0.034       0.010       0.010
-0.6        -0.5       0.032       0.010       0.010
-0.5        -0.4       0.013       0.007       0.007
-0.4        -0.3       0.035       0.013       0.009
-0.3        -0.2       0.028       0.009       0.008
-0.2        -0.1       0.044       0.010       0.009
-0.1         0.0       0.040       0.015       0.009
 0.0         0.1       0.093       0.012       0.012
 0.1         0.2       0.090       0.011       0.011
 0.2         0.3       0.141       0.019       0.014
 0.3         0.4       0.125       0.013       0.013
 0.4         0.5       0.167       0.016       0.016
 0.5         0.6       0.178       0.027       0.018
 0.6         0.7       0.210       0.031       0.020
 0.7         0.8       0.213       0.022       0.022
 0.8         0.9       0.213       0.024       0.024
 0.9         1.0       0.150       0.025       0.025

$const: wlab_min 2.0000 (GeV) & wlab_max 2.0500 (GeV)

-1.0        -0.9       0.011       0.018       0.018
-0.9        -0.8       0.022       0.018       0.012
-0.8        -0.7       0.020       0.026       0.010
-0.7        -0.6       0.026       0.009       0.009
-0.6        -0.5       0.018       0.010       0.009
-0.5        -0.4       0.030       0.009       0.009
-0.4        -0.3       0.030       0.012       0.009
-0.3        -0.2       0.017       0.015       0.007
-0.2        -0.1       0.050       0.015       0.010
-0.1         0.0       0.069       0.012       0.012
 0.0         0.1       0.057       0.011       0.010
 0.1         0.2       0.082       0.011       0.011
 0.2         0.3       0.091       0.015       0.011
 0.3         0.4       0.108       0.029       0.012
 0.4         0.5       0.141       0.016       0.015
 0.5         0.6       0.183       0.030       0.018
 0.6         0.7       0.186       0.021       0.019
 0.7         0.8       0.238       0.023       0.023
 0.8         0.9       0.174       0.022       0.022
 0.9         1.0       0.167       0.048       0.028

$const: wlab_min 2.0500 (GeV) & wlab_max 2.1000 (GeV)

-1.0        -0.9       0.034       0.040       0.022
-0.9        -0.8       0.020       0.011       0.010
-0.8        -0.7       0.034       0.011       0.011
-0.7        -0.6       0.027       0.013       0.009
-0.6        -0.5       0.010       0.009       0.007
-0.5        -0.4       0.009       0.008       0.007
-0.4        -0.3       0.040       0.010       0.010
-0.3        -0.2       0.009       0.024       0.006
-0.2        -0.1       0.035       0.015       0.008
-0.1         0.0       0.050       0.010       0.010
 0.0         0.1       0.060       0.010       0.010
 0.1         0.2       0.082       0.011       0.011
 0.2         0.3       0.095       0.012       0.012
 0.3         0.4       0.137       0.014       0.014
 0.4         0.5       0.146       0.016       0.016
 0.5         0.6       0.142       0.016       0.016
 0.6         0.7       0.202       0.027       0.021
 0.7         0.8       0.213       0.035       0.023
 0.8         0.9       0.203       0.059       0.024
 0.9         1.0       0.170       0.031       0.026

$const: wlab_min 2.1000 (GeV) & wlab_max 2.1500 (GeV)

-1.0        -0.9       0.015       0.026       0.017
-0.9        -0.8       0.010       0.011       0.011
-0.8        -0.7       0.023       0.010       0.010
-0.7        -0.6       0.014       0.007       0.007
-0.6        -0.5       0.021       0.023       0.008
-0.5        -0.4       0.015       0.011       0.008
-0.4        -0.3       0.026       0.009       0.009
-0.3        -0.2       0.025       0.015       0.008
-0.2        -0.1       0.033       0.012       0.008
-0.1         0.0       0.057       0.011       0.011
 0.0         0.1       0.068       0.011       0.011
 0.1         0.2       0.032       0.015       0.007
 0.2         0.3       0.076       0.010       0.010
 0.3         0.4       0.121       0.014       0.014
 0.4         0.5       0.081       0.012       0.012
 0.5         0.6       0.164       0.019       0.018
 0.6         0.7       0.181       0.021       0.021
 0.7         0.8       0.210       0.024       0.024
 0.8         0.9       0.236       0.053       0.029
 0.9         1.0       0.150       0.030       0.027

$const: wlab_min 2.1500 (GeV) & wlab_max 2.2000 (GeV)

-1.0        -0.9       0.011       0.019       0.019
-0.9        -0.8       0.022       0.011       0.011
-0.8        -0.7       0.043       0.013       0.013
-0.7        -0.6       0.021       0.011       0.009
-0.6        -0.5       0.016       0.009       0.009
-0.5        -0.4       0.023       0.009       0.009
-0.4        -0.3       0.031       0.015       0.010
-0.3        -0.2       0.014       0.008       0.007
-0.2        -0.1       0.027       0.010       0.008
-0.1         0.0       0.036       0.009       0.009
 0.0         0.1       0.039       0.023       0.009
 0.1         0.2       0.058       0.012       0.010
 0.2         0.3       0.075       0.020       0.011
 0.3         0.4       0.079       0.011       0.011
 0.4         0.5       0.117       0.017       0.015
 0.5         0.6       0.138       0.017       0.017
 0.6         0.7       0.156       0.022       0.020
 0.7         0.8       0.168       0.029       0.021
 0.8         0.9       0.192       0.059       0.025
 0.9         1.0       0.129       0.050       0.026

$const: wlab_min 2.2000 (GeV) & wlab_max 2.2500 (GeV)

-1.0        -0.9       0.008       0.020       0.020
-0.9        -0.8       0.018       0.012       0.012
-0.8        -0.7       0.021       0.012       0.012
-0.7        -0.6       0.018       0.008       0.008
-0.6        -0.5       0.032       0.011       0.011
-0.5        -0.4       0.016       0.013       0.007
-0.4        -0.3       0.023       0.013       0.008
-0.3        -0.2       0.015       0.015       0.007
-0.2        -0.1       0.028       0.008       0.008
-0.1         0.0       0.034       0.016       0.008
 0.0         0.1       0.033       0.011       0.008
 0.1         0.2       0.055       0.009       0.009
 0.2         0.3       0.042       0.019       0.008
 0.3         0.4       0.085       0.012       0.012
 0.4         0.5       0.092       0.014       0.013
 0.5         0.6       0.115       0.015       0.015
 0.6         0.7       0.184       0.021       0.021
 0.7         0.8       0.185       0.032       0.023
 0.8         0.9       0.169       0.030       0.025
 0.9         1.0       0.159       0.036       0.031

$const: wlab_min 2.2500 (GeV) & wlab_max 2.3000 (GeV)

-1.0        -0.9       0.019       0.028       0.028
-0.9        -0.8       0.020       0.014       0.014
-0.8        -0.7       0.029       0.013       0.013
-0.7        -0.6       0.021       0.018       0.011
-0.6        -0.5       0.016       0.019       0.010
-0.5        -0.4       0.011       0.010       0.007
-0.4        -0.3       0.023       0.009       0.009
-0.3        -0.2       0.020       0.008       0.008
-0.2        -0.1       0.028       0.008       0.008
-0.1         0.0       0.023       0.013       0.008
 0.0         0.1       0.014       0.012       0.006
 0.1         0.2       0.045       0.019       0.009
 0.2         0.3       0.064       0.010       0.010
 0.3         0.4       0.102       0.024       0.013
 0.4         0.5       0.109       0.018       0.015
 0.5         0.6       0.153       0.018       0.018
 0.6         0.7       0.165       0.030       0.021
 0.7         0.8       0.183       0.028       0.023
 0.8         0.9       0.220       0.030       0.030
 0.9         1.0       0.180       0.034       0.034

$const: wlab_min 2.3000 (GeV) & wlab_max 2.3500 (GeV)

-1.0        -0.9       0.003       0.021       0.021
-0.9        -0.8       0.014       0.015       0.010
-0.8        -0.7       0.033       0.025       0.014
-0.7        -0.6       0.039       0.013       0.013
-0.6        -0.5       0.011       0.010       0.010
-0.5        -0.4       0.006       0.007       0.006
-0.4        -0.3       0.018       0.014       0.010
-0.3        -0.2       0.011       0.007       0.006
-0.2        -0.1       0.014       0.008       0.007
-0.1         0.0       0.016       0.006       0.006
 0.0         0.1       0.025       0.012       0.007
 0.1         0.2       0.051       0.013       0.009
 0.2         0.3       0.037       0.016       0.008
 0.3         0.4       0.078       0.012       0.012
 0.4         0.5       0.070       0.013       0.013
 0.5         0.6       0.156       0.028       0.020
 0.6         0.7       0.162       0.036       0.021
 0.7         0.8       0.181       0.024       0.024
 0.8         0.9       0.176       0.076       0.028
 0.9         1.0       0.157       0.058       0.035

$const: wlab_min 2.3500 (GeV) & wlab_max 2.4000 (GeV)

-1.0        -0.9       0.000       0.022       0.022
-0.9        -0.8       0.029       0.014       0.014
-0.8        -0.7       0.021       0.012       0.012
-0.7        -0.6       0.023       0.012       0.010
-0.6        -0.5       0.009       0.006       0.006
-0.5        -0.4       0.015       0.010       0.010
-0.4        -0.3       0.014       0.016       0.007
-0.3        -0.2       0.014       0.014       0.007
-0.2        -0.1       0.012       0.006       0.005
-0.1         0.0       0.008       0.007       0.005
 0.0         0.1       0.015       0.009       0.006
 0.1         0.2       0.037       0.012       0.008
 0.2         0.3       0.035       0.008       0.008
 0.3         0.4       0.069       0.011       0.011
 0.4         0.5       0.091       0.014       0.014
 0.5         0.6       0.116       0.017       0.017
 0.6         0.7       0.120       0.024       0.019
 0.7         0.8       0.164       0.023       0.023
 0.8         0.9       0.173       0.026       0.026
 0.9         1.0       0.074       0.044       0.023

$const: wlab_min 2.4000 (GeV) & wlab_max 2.4500 (GeV)

-1.0        -0.9       0.000       0.027       0.027
-0.9        -0.8       0.040       0.023       0.023
-0.8        -0.7       0.025       0.016       0.016
-0.7        -0.6       0.028       0.021       0.014
-0.6        -0.5       0.010       0.010       0.010
-0.5        -0.4       0.011       0.013       0.007
-0.4        -0.3       0.008       0.009       0.009
-0.3        -0.2       0.013       0.008       0.008
-0.2        -0.1       0.013       0.007       0.007
-0.1         0.0       0.008       0.007       0.007
 0.0         0.1       0.010       0.006       0.006
 0.1         0.2       0.018       0.010       0.006
 0.2         0.3       0.046       0.010       0.010
 0.3         0.4       0.051       0.011       0.011
 0.4         0.5       0.088       0.017       0.017
 0.5         0.6       0.084       0.017       0.017
 0.6         0.7       0.164       0.028       0.027
 0.7         0.8       0.174       0.030       0.030
 0.8         0.9       0.239       0.039       0.039
 0.9         1.0       0.098       0.054       0.032

$const: wlab_min 2.4500 (GeV) & wlab_max 2.5000 (GeV)

-1.0        -0.9       0.006       0.028       0.028
-0.9        -0.8       0.017       0.015       0.015
-0.8        -0.7       0.024       0.016       0.016
-0.7        -0.6       0.040       0.018       0.018
-0.6        -0.5       0.011       0.010       0.010
-0.5        -0.4       0.014       0.009       0.009
-0.4        -0.3       0.013       0.009       0.009
-0.3        -0.2       0.018       0.009       0.009
-0.2        -0.1       0.006       0.006       0.006
-0.1         0.0       0.026       0.010       0.010
 0.0         0.1       0.013       0.016       0.006
 0.1         0.2       0.040       0.013       0.010
 0.2         0.3       0.039       0.010       0.010
 0.3         0.4       0.041       0.015       0.010
 0.4         0.5       0.073       0.015       0.015
 0.5         0.6       0.112       0.020       0.020
 0.6         0.7       0.152       0.026       0.026
 0.7         0.8       0.176       0.033       0.030
 0.8         0.9       0.195       0.034       0.034
 0.9         1.0       0.142       0.051       0.039

$const: wlab_min 2.5000 (GeV) & wlab_max 2.5500 (GeV)

-1.0        -0.9       0.000       0.043       0.043
-0.9        -0.8       0.005       0.014       0.014
-0.8        -0.7       0.035       0.028       0.022
-0.7        -0.6       0.008       0.011       0.011
-0.6        -0.5       0.033       0.016       0.016
-0.5        -0.4       0.018       0.016       0.016
-0.4        -0.3       0.015       0.012       0.012
-0.3        -0.2       0.014       0.010       0.010
-0.2        -0.1       0.006       0.006       0.006
-0.1         0.0       0.010       0.007       0.007
 0.0         0.1       0.010       0.006       0.006
 0.1         0.2       0.020       0.007       0.007
 0.2         0.3       0.028       0.012       0.009
 0.3         0.4       0.030       0.011       0.009
 0.4         0.5       0.078       0.017       0.017
 0.5         0.6       0.089       0.018       0.018
 0.6         0.7       0.092       0.033       0.022
 0.7         0.8       0.185       0.033       0.033
 0.8         0.9       0.230       0.041       0.041
 0.9         1.0       0.132       0.037       0.037

$const: wlab_min 2.5500 (GeV) & wlab_max 2.6000 (GeV)

-1.0        -0.9       0.032       0.055       0.055
-0.9        -0.8       0.000       0.032       0.032
-0.8        -0.7       0.017       0.023       0.023
-0.7        -0.6       0.031       0.020       0.020
-0.6        -0.5       0.020       0.016       0.016
-0.5        -0.4       0.007       0.014       0.014
-0.4        -0.3       0.003       0.010       0.010
-0.3        -0.2       0.002       0.008       0.008
-0.2        -0.1       0.008       0.008       0.008
-0.1         0.0       0.008       0.014       0.006
 0.0         0.1       0.014       0.011       0.007
 0.1         0.2       0.016       0.007       0.007
 0.2         0.3       0.028       0.009       0.009
 0.3         0.4       0.040       0.020       0.012
 0.4         0.5       0.074       0.017       0.017
 0.5         0.6       0.078       0.049       0.019
 0.6         0.7       0.098       0.042       0.023
 0.7         0.8       0.106       0.051       0.026
 0.8         0.9       0.175       0.065       0.034
 0.9         1.0       0.124       0.044       0.040

