$vars: wlab (GeV) & / & costhkcm & S


#      E_lab	   theta  cos(theta)        Sigma      err_tot
#      -----	 -------  ----------       ------      -------
       1.173      18.130       0.950       0.1749       0.3758
       1.173      39.488       0.772       0.2776       0.1689
       1.173      63.773       0.442       0.3345       0.0823
       1.173      90.482      -0.008       0.4281       0.0971
       1.173     114.354      -0.412       0.3420       0.1171
       1.173     136.869      -0.730       0.2051       0.1888
       1.223      18.850       0.946      -0.0246       0.3986
       1.223      38.952       0.778       0.2132       0.0642
       1.223      63.951       0.439       0.5306       0.1344
       1.223      90.219      -0.004       0.5268       0.0458
       1.223     113.355      -0.396       0.4937       0.0890
       1.223     135.897      -0.718       0.6386       0.1607
       1.273      18.409       0.949       0.0977       0.1383
       1.273      39.804       0.768       0.2412       0.0974
       1.273      64.693       0.427       0.4110       0.0942
       1.273      90.649      -0.011       0.4989       0.0469
       1.273     113.601      -0.400       0.5009       0.0988
       1.273     136.386      -0.724       0.4373       0.1709
       1.321      19.043       0.945       0.1055       0.4106
       1.321      39.326       0.774       0.1877       0.0721
       1.321      64.903       0.424       0.4180       0.0796
       1.321      90.500      -0.009       0.5418       0.0384
       1.321     113.591      -0.400       0.5346       0.0437
       1.321     137.204      -0.734       0.1540       0.1389
       1.371      19.460       0.943       0.3106       0.1967
       1.371      39.892       0.767       0.2161       0.0694
       1.371      65.139       0.420       0.4712       0.0583
       1.371      90.551      -0.010       0.5148       0.0359
       1.371     113.229      -0.394       0.4713       0.0458
       1.371     137.195      -0.734       0.1579       0.2436
       1.421      19.366       0.943       0.0761       0.1590
       1.421      39.665       0.770       0.2402       0.0416
       1.421      65.035       0.422       0.3823       0.0917
       1.421      90.740      -0.013       0.4967       0.0412
       1.421     113.586      -0.400       0.5343       0.0332
       1.421     137.543      -0.738       0.2091       0.1019
       1.466      18.945       0.946       0.0350       0.0993
       1.466      39.964       0.766       0.1979       0.0624
       1.466      65.903       0.408       0.4608       0.0942
       1.466      90.775      -0.014       0.5125       0.0845
       1.466     113.832      -0.404       0.4359       0.0457
       1.466     137.731      -0.740       0.0606       0.1320
