#                :::::::::::::::::::::::::::::::::::::::::::::::
#			SAPHIR - data (1998)	(K-Sigma)
#	         :::::::::::::::::::::::::::::::::::::::::::::::
#
#
# M.Q. Tran et al. Phys. Lett. B 445, 20 (1998)

$vars: wlab_min (GeV) & wlab_max (GeV) & costhkcm & diffcs -sysErr

# E_gamma (GeV)      cos(theta)	           ds/dw (myb/sr)
# -------------      ----------      ----------------------------------
 1.050   1.150        -0.90        0.0220        0.0077        0.0020
 1.050   1.150        -0.70        0.0214        0.0070        0.0017
 1.050   1.150        -0.50        0.0292        0.0066        0.0015
 1.050   1.150        -0.30        0.0289        0.0063        0.0013
 1.050   1.150        -0.10        0.0413        0.0078        0.0012
 1.050   1.150         0.10        0.0369        0.0070        0.0011
 1.050   1.150         0.30        0.0433        0.0076        0.0011
 1.050   1.150         0.50        0.0464        0.0079        0.0011
 1.050   1.150         0.70        0.0450        0.0083        0.0011
 1.050   1.150         0.90        0.0265        0.0075        0.0012
 1.150   1.250        -0.90        0.0238        0.0072        0.0032
 1.150   1.250        -0.70        0.0305        0.0072        0.0028
 1.150   1.250        -0.50        0.0578        0.0088        0.0025
 1.150   1.250        -0.30        0.0887        0.0098        0.0022
 1.150   1.250        -0.10        0.0893        0.0098        0.0020
 1.150   1.250         0.10        0.0892        0.0092        0.0018
 1.150   1.250         0.30        0.1216        0.0109        0.0018
 1.150   1.250         0.50        0.0975        0.0096        0.0018
 1.150   1.250         0.70        0.1046        0.0115        0.0019
 1.150   1.250         0.90        0.1084        0.0132        0.0020
 1.250   1.350        -0.90        0.0276        0.0105        0.0047
 1.250   1.350        -0.70        0.0697        0.0130        0.0041
 1.250   1.350        -0.50        0.0760        0.0112        0.0036
 1.250   1.350        -0.30        0.1359        0.0124        0.0032
 1.250   1.350        -0.10        0.1946        0.0139        0.0029
 1.250   1.350         0.10        0.1742        0.0124        0.0027
 1.250   1.350         0.30        0.1713        0.0120        0.0027
 1.250   1.350         0.50        0.1862        0.0125        0.0027
 1.250   1.350         0.70        0.1757        0.0132        0.0028
 1.250   1.350         0.90        0.1568        0.0155        0.0030
 1.350   1.450        -0.90        0.0322        0.0121        0.0064
 1.350   1.450        -0.70        0.0424        0.0103        0.0056
 1.350   1.450        -0.50        0.0859        0.0131        0.0049
 1.350   1.450        -0.30        0.1661        0.0156        0.0044
 1.350   1.450        -0.10        0.2253        0.0159        0.0040
 1.350   1.450         0.10        0.2202        0.0145        0.0038
 1.350   1.450         0.30        0.2342        0.0145        0.0037
 1.350   1.450         0.50        0.2400        0.0154        0.0037
 1.350   1.450         0.70        0.1813        0.0147        0.0039
 1.350   1.450         0.90        0.1528        0.0152        0.0043
 1.450   1.550        -0.90        0.0395        0.0155        0.0078
 1.450   1.550        -0.70        0.0402        0.0123        0.0068
 1.450   1.550        -0.50        0.1196        0.0180        0.0061
 1.450   1.550        -0.30        0.1641        0.0177        0.0054
 1.450   1.550        -0.10        0.1957        0.0170        0.0050
 1.450   1.550         0.10        0.2308        0.0171        0.0048
 1.450   1.550         0.30        0.2234        0.0164        0.0047
 1.450   1.550         0.50        0.2417        0.0185        0.0048
 1.450   1.550         0.70        0.1764        0.0166        0.0051
 1.450   1.550         0.90        0.1497        0.0181        0.0056
 1.550   1.750        -0.90        0.0217        0.0142        0.0106
 1.550   1.750        -0.70        0.0445        0.0170        0.0092
 1.550   1.750        -0.50        0.0508        0.0146        0.0082
 1.550   1.750        -0.30        0.0765        0.0138        0.0075
 1.550   1.750        -0.10        0.1394        0.0165        0.0070
 1.550   1.750         0.10        0.1408        0.0159        0.0067
 1.550   1.750         0.30        0.1843        0.0181        0.0067
 1.550   1.750         0.50        0.1545        0.0171        0.0070
 1.550   1.750         0.70        0.1836        0.0213        0.0074
 1.550   1.750         0.90        0.0981        0.0186        0.0083
 1.750   2.000        -0.90        0.0377        0.0226        0.0150
 1.750   2.000        -0.70        0.0249        0.0186        0.0132
 1.750   2.000        -0.50        0.0514        0.0186        0.0120
 1.750   2.000        -0.30        0.0410        0.0123        0.0112
 1.750   2.000        -0.10        0.0593        0.0128        0.0107
 1.750   2.000         0.10        0.0713        0.0116        0.0106
 1.750   2.000         0.30        0.0753        0.0118        0.0110
 1.750   2.000         0.50        0.1159        0.0156        0.0117
 1.750   2.000         0.70        0.1087        0.0154        0.0127
 1.750   2.000         0.90        0.1380        0.0220        0.0144
