# $\gamma p \rightarrow K^{+} \Lambda$ results from McCracken, et al. (CLAS Collaboration) 2009
# for submission to PRC
# preprint found at http://arxiv.org/abs/0912.4274

# dsigma/dcos(theta) and recoil polarization results are
# given with reference to the K+ scattering angle in the
# center-of-mass frame.

# Center-of-mass-energy binning width is 10 MeV.


$vars: w (GeV) & costhkcm & / & P -sysErr


# ----------------------------------------------------------------------------------------------------------------------------------------------
# Lambda Recoil Polarization (P_{Lambda}) Results :::::::::::::::::::::::::::::::::::::::::::::::::::::::::::::::::::::::::::::::::::::::::::::
# ----------------------------------------------------------------------------------------------------------------------------------------------
# W (GeV)		cos(theta)		cos(theta)_err		P		P_err	syst
# ----------------------------------------------------------------------------------------------------------------------------------------------
1.625		0.00			0.05			0.0647				0.0469				0.0500
1.625		0.10			0.05			0.1681				0.0868				0.0500
1.625		0.20			0.05			0.2932				0.1527				0.0500
1.625		0.30			0.05			0.4293				0.1954				0.0500
1.625		0.40			0.05			0.4257				0.1906				0.0500
1.625		0.50			0.05			0.3094				0.1377				0.0500
1.625		0.60			0.05			-0.0264				0.1323				0.0500
1.625		0.70			0.05			-0.3241				0.1303				0.0500
1.635		0.00			0.05			0.0277				0.0399				0.0500
1.635		0.10			0.05			0.0501				0.0512				0.0500
1.635		0.20			0.05			0.0800				0.0872				0.0500
1.635		0.30			0.05			0.1126				0.1205				0.0500
1.635		0.40			0.05			0.1265				0.1282				0.0500
1.635		0.50			0.05			0.1167				0.0934				0.0500
1.635		0.60			0.05			0.0657				0.0910				0.0500
1.635		0.70			0.05			-0.0475				0.1078				0.0500
1.635		0.80			0.05			-0.1869				0.1453				0.0500
1.645		0.00			0.05			0.1106				0.0745				0.0500
1.645		0.10			0.05			0.1118				0.0947				0.0500
1.645		0.20			0.05			0.1038				0.1146				0.0500
1.645		0.30			0.05			0.0768				0.1295				0.0500
1.645		0.40			0.05			0.0446				0.1359				0.0500
1.645		0.50			0.05			0.0160				0.1314				0.0500
1.645		0.60			0.05			0.0088				0.1174				0.0500
1.645		0.70			0.05			0.0413				0.1121				0.0500
1.645		0.80			0.05			0.1072				0.1141				0.0500
1.655		0.00			0.05			-0.0927				0.0754				0.0500
1.655		0.10			0.05			-0.1461				0.0928				0.0500
1.655		0.20			0.05			-0.1933				0.1043				0.0500
1.655		0.30			0.05			-0.2269				0.1073				0.0500
1.655		0.40			0.05			-0.2497				0.1035				0.0500
1.655		0.50			0.05			-0.2550				0.0976				0.0500
1.655		0.60			0.05			-0.2482				0.0946				0.0500
1.655		0.70			0.05			-0.2302				0.0978				0.0500
1.655		0.80			0.05			-0.1872				0.1024				0.0500
1.665		0.00			0.05			0.0597				0.0533				0.0500
1.665		0.10			0.05			0.0532				0.0704				0.0500
1.665		0.20			0.05			0.0174				0.0862				0.0500
1.665		0.30			0.05			-0.0273				0.0988				0.0500
1.665		0.40			0.05			-0.0704				0.1004				0.0500
1.665		0.50			0.05			-0.0915				0.0898				0.0500
1.665		0.60			0.05			-0.0977				0.0792				0.0500
1.665		0.70			0.05			-0.0916				0.0811				0.0500
1.665		0.80			0.05			-0.0879				0.0680				0.0500
1.675		0.00			0.05			0.0129				0.0466				0.0500
1.675		0.10			0.05			-0.0663				0.0682				0.0500
1.675		0.20			0.05			-0.1892				0.0861				0.0500
1.675		0.30			0.05			-0.3096				0.0999				0.0500
1.675		0.40			0.05			-0.3760				0.1024				0.0500
1.675		0.50			0.05			-0.3422				0.0919				0.0500
1.675		0.60			0.05			-0.2870				0.0804				0.0500
1.675		0.70			0.05			-0.3064				0.0860				0.0500
1.675		0.80			0.05			-0.3556				0.0838				0.0500
1.685		0.00			0.05			-0.0806				0.0495				0.0500
1.685		0.10			0.05			-0.1400				0.0492				0.0500
1.685		0.20			0.05			-0.1936				0.0411				0.0500
1.685		0.30			0.05			-0.2399				0.0361				0.0500
1.685		0.40			0.05			-0.2782				0.0380				0.0500
1.685		0.50			0.05			-0.2856				0.0440				0.0500
1.685		0.60			0.05			-0.2596				0.0491				0.0500
1.685		0.70			0.05			-0.1923				0.0670				0.0500
1.685		0.80			0.05			-0.0867				0.0718				0.0500
1.695		0.00			0.05			-0.1491				0.0425				0.0500
1.695		0.10			0.05			-0.2195				0.0330				0.0500
1.695		0.20			0.05			-0.2791				0.0309				0.0500
1.695		0.30			0.05			-0.3301				0.0324				0.0500
1.695		0.40			0.05			-0.3719				0.0385				0.0500
1.695		0.50			0.05			-0.4026				0.0497				0.0500
1.695		0.60			0.05			-0.3971				0.0636				0.0500
1.695		0.70			0.05			-0.3393				0.0682				0.0500
1.695		0.80			0.05			-0.2110				0.0590				0.0500
1.705		0.00			0.05			-0.1894				0.0466				0.0500
1.705		0.10			0.05			-0.1891				0.0505				0.0500
1.705		0.20			0.05			-0.1945				0.0697				0.0500
1.705		0.30			0.05			-0.2167				0.0775				0.0500
1.705		0.40			0.05			-0.3115				0.0555				0.0500
1.705		0.50			0.05			-0.4039				0.0326				0.0500
1.705		0.60			0.05			-0.4374				0.0213				0.0500
1.705		0.70			0.05			-0.4023				0.0348				0.0500
1.705		0.80			0.05			-0.2605				0.0703				0.0500
1.705		0.88			0.03			-0.0955				0.0925				0.0500
1.715		0.00			0.05			-0.1568				0.0618				0.0500
1.715		0.10			0.05			-0.2664				0.0578				0.0500
1.715		0.20			0.05			-0.3708				0.0731				0.0500
1.715		0.30			0.05			-0.4555				0.0811				0.0500
1.715		0.40			0.05			-0.4821				0.0586				0.0500
1.715		0.50			0.05			-0.4358				0.0360				0.0500
1.715		0.60			0.05			-0.3754				0.0260				0.0500
1.715		0.70			0.05			-0.3269				0.0306				0.0500
1.715		0.80			0.05			-0.3330				0.0638				0.0500
1.715		0.88			0.03			-0.4359				0.0805				0.0500
1.725		0.00			0.05			-0.1816				0.0781				0.0500
1.725		0.10			0.05			-0.2989				0.0487				0.0500
1.725		0.20			0.05			-0.3703				0.0290				0.0500
1.725		0.30			0.05			-0.4273				0.0216				0.0500
1.725		0.40			0.05			-0.4719				0.0233				0.0500
1.725		0.50			0.05			-0.4838				0.0329				0.0500
1.725		0.60			0.05			-0.4436				0.0490				0.0500
1.725		0.70			0.05			-0.3186				0.0470				0.0500
1.725		0.80			0.05			-0.3068				0.0676				0.0500
1.725		0.89			0.04			-0.4159				0.0749				0.0500
1.735		0.00			0.05			-0.2607				0.0603				0.0500
1.735		0.10			0.05			-0.3291				0.0444				0.0500
1.735		0.20			0.05			-0.4108				0.0276				0.0500
1.735		0.30			0.05			-0.5301				0.0174				0.0500
1.735		0.40			0.05			-0.5386				0.0235				0.0500
1.735		0.50			0.05			-0.4930				0.0486				0.0500
1.735		0.60			0.05			-0.4552				0.0559				0.0500
1.735		0.70			0.05			-0.4517				0.0535				0.0500
1.735		0.80			0.05			-0.2926				0.0824				0.0500
1.745		0.00			0.05			-0.1764				0.0825				0.0500
1.745		0.10			0.05			-0.2435				0.0582				0.0500
1.745		0.20			0.05			-0.3672				0.0432				0.0500
1.745		0.30			0.05			-0.5169				0.0452				0.0500
1.745		0.40			0.05			-0.5950				0.0394				0.0500
1.745		0.50			0.05			-0.5945				0.0401				0.0500
1.745		0.60			0.05			-0.5560				0.0434				0.0500
1.745		0.70			0.05			-0.4663				0.0703				0.0500
1.745		0.80			0.05			-0.2782				0.0600				0.0500
1.745		0.90			0.05			0.0753				0.0666				0.0500
1.755		0.00			0.05			-0.0899				0.0606				0.0500
1.755		0.10			0.05			-0.1888				0.0453				0.0500
1.755		0.20			0.05			-0.3313				0.0398				0.0500
1.755		0.30			0.05			-0.4761				0.0501				0.0500
1.755		0.40			0.05			-0.5761				0.0375				0.0500
1.755		0.50			0.05			-0.5442				0.0413				0.0500
1.755		0.60			0.05			-0.3970				0.0522				0.0500
1.755		0.70			0.05			-0.3559				0.0829				0.0500
1.755		0.80			0.05			-0.4219				0.1158				0.0500
1.755		0.89			0.04			-0.1282				0.1499				0.0500
1.765		0.00			0.05			-0.2654				0.0539				0.0500
1.765		0.10			0.05			-0.3073				0.0511				0.0500
1.765		0.20			0.05			-0.3834				0.0502				0.0500
1.765		0.30			0.05			-0.4614				0.0564				0.0500
1.765		0.40			0.05			-0.4094				0.0563				0.0500
1.765		0.50			0.05			-0.4042				0.0478				0.0500
1.765		0.60			0.05			-0.4128				0.0364				0.0500
1.765		0.70			0.05			-0.4657				0.0559				0.0500
1.765		0.80			0.05			-0.5243				0.0865				0.0500
1.765		0.90			0.05			-0.5160				0.1107				0.0500
1.775		0.00			0.05			-0.2093				0.0333				0.0500
1.775		0.10			0.05			-0.2539				0.0398				0.0500
1.775		0.20			0.05			-0.3489				0.0381				0.0500
1.775		0.30			0.05			-0.4234				0.0409				0.0500
1.775		0.40			0.05			-0.4568				0.0451				0.0500
1.775		0.50			0.05			-0.4750				0.0422				0.0500
1.775		0.60			0.05			-0.4760				0.0445				0.0500
1.775		0.70			0.05			-0.4305				0.0681				0.0500
1.775		0.80			0.05			-0.3166				0.0942				0.0500
1.785		0.00			0.05			-0.2535				0.0354				0.0500
1.785		0.10			0.05			-0.3149				0.0412				0.0500
1.785		0.20			0.05			-0.3793				0.0472				0.0500
1.785		0.30			0.05			-0.4914				0.0531				0.0500
1.785		0.40			0.05			-0.5355				0.0531				0.0500
1.785		0.50			0.05			-0.5166				0.0421				0.0500
1.785		0.60			0.05			-0.5006				0.0441				0.0500
1.785		0.70			0.05			-0.5525				0.0729				0.0500
1.785		0.80			0.05			-0.5828				0.1053				0.0500
1.795		0.00			0.05			-0.2300				0.0324				0.0500
1.795		0.10			0.05			-0.3377				0.0358				0.0500
1.795		0.20			0.05			-0.3657				0.0437				0.0500
1.795		0.30			0.05			-0.4097				0.0375				0.0500
1.795		0.40			0.05			-0.4794				0.0278				0.0500
1.795		0.50			0.05			-0.4888				0.0223				0.0500
1.795		0.60			0.05			-0.4777				0.0381				0.0500
1.795		0.70			0.05			-0.5609				0.0418				0.0500
1.805		0.00			0.05			-0.1918				0.0343				0.0500
1.805		0.10			0.05			-0.2380				0.0331				0.0500
1.805		0.20			0.05			-0.3209				0.0371				0.0500
1.805		0.30			0.05			-0.4172				0.0461				0.0500
1.805		0.40			0.05			-0.4803				0.0550				0.0500
1.805		0.50			0.05			-0.4730				0.0551				0.0500
1.805		0.60			0.05			-0.4513				0.0551				0.0500
1.805		0.70			0.05			-0.3644				0.0651				0.0500
1.805		0.80			0.05			-0.1836				0.1460				0.0500
1.805		0.90			0.05			0.0450				0.1861				0.0500
1.815		0.00			0.05			-0.1840				0.0436				0.0500
1.815		0.10			0.05			-0.1998				0.0371				0.0500
1.815		0.20			0.05			-0.2471				0.0330				0.0500
1.815		0.30			0.05			-0.3141				0.0372				0.0500
1.815		0.40			0.05			-0.3821				0.0533				0.0500
1.815		0.50			0.05			-0.4535				0.0611				0.0500
1.815		0.60			0.05			-0.4328				0.0597				0.0500
1.815		0.70			0.05			-0.4035				0.0921				0.0500
1.815		0.80			0.05			-0.4640				0.1193				0.0500
1.815		0.89			0.04			-0.4568				0.1644				0.0500
1.825		0.00			0.05			-0.0685				0.0441				0.0500
1.825		0.10			0.05			-0.1454				0.0230				0.0500
1.825		0.20			0.05			-0.2886				0.0222				0.0500
1.825		0.30			0.05			-0.4204				0.0257				0.0500
1.825		0.40			0.05			-0.4591				0.0437				0.0500
1.825		0.50			0.05			-0.3953				0.0526				0.0500
1.825		0.60			0.05			-0.3452				0.0511				0.0500
1.825		0.70			0.05			-0.4579				0.0785				0.0500
1.825		0.80			0.05			-0.5569				0.0952				0.0500
1.825		0.89			0.04			-0.3814				0.1271				0.0500
1.835		0.00			0.05			-0.1017				0.0408				0.0500
1.835		0.10			0.05			-0.2101				0.0317				0.0500
1.835		0.20			0.05			-0.2901				0.0233				0.0500
1.835		0.30			0.05			-0.3711				0.0176				0.0500
1.835		0.40			0.05			-0.4605				0.0311				0.0500
1.835		0.50			0.05			-0.5041				0.0419				0.0500
1.835		0.60			0.05			-0.4815				0.0457				0.0500
1.835		0.70			0.05			-0.3989				0.0723				0.0500
1.835		0.80			0.05			-0.2478				0.0956				0.0500
1.845		0.00			0.05			-0.0495				0.0412				0.0500
1.845		0.10			0.05			-0.1165				0.0512				0.0500
1.845		0.20			0.05			-0.2537				0.0521				0.0500
1.845		0.30			0.05			-0.3943				0.0407				0.0500
1.845		0.40			0.05			-0.4860				0.0285				0.0500
1.845		0.50			0.05			-0.5151				0.0304				0.0500
1.845		0.60			0.05			-0.5091				0.0307				0.0500
1.845		0.70			0.05			-0.4904				0.0602				0.0500
1.845		0.80			0.05			-0.3226				0.0657				0.0500
1.845		0.89			0.04			0.0147				0.0887				0.0500
1.855		0.00			0.05			-0.0224				0.0304				0.0500
1.855		0.10			0.05			-0.1168				0.0346				0.0500
1.855		0.20			0.05			-0.2505				0.0481				0.0500
1.855		0.30			0.05			-0.3861				0.0572				0.0500
1.855		0.40			0.05			-0.4681				0.0429				0.0500
1.855		0.50			0.05			-0.4811				0.0348				0.0500
1.855		0.60			0.05			-0.4138				0.0254				0.0500
1.855		0.70			0.05			-0.4338				0.0493				0.0500
1.855		0.80			0.05			-0.5183				0.0785				0.0500
1.865		0.00			0.05			-0.0492				0.0435				0.0500
1.865		0.10			0.05			-0.0885				0.0381				0.0500
1.865		0.20			0.05			-0.1322				0.0407				0.0500
1.865		0.30			0.05			-0.2418				0.0487				0.0500
1.865		0.40			0.05			-0.3866				0.0413				0.0500
1.865		0.50			0.05			-0.4774				0.0313				0.0500
1.865		0.60			0.05			-0.4504				0.0260				0.0500
1.865		0.70			0.05			-0.4059				0.0372				0.0500
1.865		0.80			0.05			-0.4784				0.0582				0.0500
1.865		0.89			0.04			-0.3903				0.0816				0.0500
1.875		0.00			0.05			0.0845				0.0395				0.0500
1.875		0.10			0.05			-0.0571				0.0386				0.0500
1.875		0.20			0.05			-0.1959				0.0366				0.0500
1.875		0.30			0.05			-0.2932				0.0296				0.0500
1.875		0.40			0.05			-0.3654				0.0225				0.0500
1.875		0.50			0.05			-0.4148				0.0286				0.0500
1.875		0.60			0.05			-0.4177				0.0343				0.0500
1.875		0.70			0.05			-0.4221				0.0444				0.0500
1.875		0.80			0.05			-0.3105				0.0522				0.0500
1.875		0.89			0.04			-0.1634				0.0700				0.0500
1.885		0.00			0.05			0.0551				0.0256				0.0500
1.885		0.10			0.05			-0.0322				0.0233				0.0500
1.885		0.20			0.05			-0.1293				0.0274				0.0500
1.885		0.30			0.05			-0.2554				0.0324				0.0500
1.885		0.40			0.05			-0.3817				0.0324				0.0500
1.885		0.50			0.05			-0.4453				0.0333				0.0500
1.885		0.60			0.05			-0.4292				0.0334				0.0500
1.885		0.70			0.05			-0.4290				0.0467				0.0500
1.885		0.80			0.05			-0.4043				0.0551				0.0500
1.885		0.90			0.05			-0.2947				0.0553				0.0500
1.895		0.00			0.05			0.0835				0.0252				0.0500
1.895		0.10			0.05			-0.0659				0.0230				0.0500
1.895		0.20			0.05			-0.1977				0.0308				0.0500
1.895		0.30			0.05			-0.2940				0.0456				0.0500
1.895		0.40			0.05			-0.3831				0.0469				0.0500
1.895		0.50			0.05			-0.4519				0.0383				0.0500
1.895		0.60			0.05			-0.5063				0.0405				0.0500
1.895		0.70			0.05			-0.5249				0.0612				0.0500
1.895		0.80			0.05			-0.4145				0.0716				0.0500
1.895		0.90			0.05			-0.3579				0.0671				0.0500
1.905		0.00			0.05			0.0937				0.0637				0.0500
1.905		0.10			0.05			0.0012				0.0504				0.0500
1.905		0.20			0.05			-0.1827				0.0398				0.0500
1.905		0.30			0.05			-0.3156				0.0435				0.0500
1.905		0.40			0.05			-0.3946				0.0520				0.0500
1.905		0.50			0.05			-0.4921				0.0422				0.0500
1.905		0.60			0.05			-0.5181				0.0416				0.0500
1.905		0.70			0.05			-0.3489				0.0619				0.0500
1.905		0.80			0.05			-0.1946				0.1096				0.0500
1.905		0.90			0.05			-0.2267				0.1216				0.0500
1.915		0.00			0.05			-0.0724				0.0603				0.0500
1.915		0.10			0.05			-0.1583				0.0548				0.0500
1.915		0.20			0.05			-0.2144				0.0473				0.0500
1.915		0.30			0.05			-0.2698				0.0501				0.0500
1.915		0.40			0.05			-0.3950				0.0522				0.0500
1.915		0.50			0.05			-0.4501				0.0443				0.0500
1.915		0.60			0.05			-0.4442				0.0494				0.0500
1.915		0.70			0.05			-0.4765				0.0678				0.0500
1.915		0.80			0.05			-0.3611				0.0880				0.0500
1.915		0.89			0.04			0.0880				0.0991				0.0500
1.925		0.00			0.05			0.0542				0.0973				0.0500
1.925		0.10			0.05			-0.1538				0.0677				0.0500
1.925		0.20			0.05			-0.3014				0.0498				0.0500
1.925		0.30			0.05			-0.3722				0.0431				0.0500
1.925		0.40			0.05			-0.4097				0.0305				0.0500
1.925		0.50			0.05			-0.4440				0.0349				0.0500
1.925		0.60			0.05			-0.4540				0.0335				0.0500
1.925		0.70			0.05			-0.4593				0.0291				0.0500
1.925		0.80			0.05			-0.4445				0.0634				0.0500
1.925		0.89			0.04			-0.2047				0.0665				0.0500
1.935		0.00			0.05			0.2233				0.0778				0.0500
1.935		0.10			0.05			-0.0111				0.0597				0.0500
1.935		0.20			0.05			-0.2382				0.0435				0.0500
1.935		0.30			0.05			-0.3558				0.0300				0.0500
1.935		0.40			0.05			-0.4071				0.0250				0.0500
1.935		0.50			0.05			-0.4521				0.0290				0.0500
1.935		0.60			0.05			-0.4789				0.0316				0.0500
1.935		0.70			0.05			-0.4827				0.0510				0.0500
1.935		0.80			0.05			-0.3349				0.0836				0.0500
1.935		0.89			0.04			0.0737				0.0900				0.0500
1.945		0.00			0.05			0.0232				0.0762				0.0500
1.945		0.10			0.05			-0.0551				0.0523				0.0500
1.945		0.20			0.05			-0.1807				0.0296				0.0500
1.945		0.30			0.05			-0.3289				0.0180				0.0500
1.945		0.40			0.05			-0.4267				0.0249				0.0500
1.945		0.50			0.05			-0.4744				0.0283				0.0500
1.945		0.60			0.05			-0.4769				0.0267				0.0500
1.945		0.70			0.05			-0.4888				0.0473				0.0500
1.945		0.80			0.05			-0.4886				0.0886				0.0500
1.945		0.89			0.04			-0.1488				0.1002				0.0500
1.955		0.00			0.05			0.0232				0.0351				0.0500
1.955		0.10			0.05			-0.1268				0.0275				0.0500
1.955		0.20			0.05			-0.2471				0.0234				0.0500
1.955		0.30			0.05			-0.3366				0.0210				0.0500
1.955		0.40			0.05			-0.3861				0.0243				0.0500
1.955		0.50			0.05			-0.4138				0.0342				0.0500
1.955		0.60			0.05			-0.4254				0.0416				0.0500
1.955		0.70			0.05			-0.4689				0.0427				0.0500
1.955		0.80			0.05			-0.5114				0.0557				0.0500
1.955		0.89			0.04			-0.2812				0.0546				0.0500
1.965		0.00			0.05			0.0784				0.0464				0.0500
1.965		0.10			0.05			-0.1122				0.0318				0.0500
1.965		0.20			0.05			-0.2670				0.0167				0.0500
1.965		0.30			0.05			-0.3446				0.0156				0.0500
1.965		0.40			0.05			-0.4275				0.0251				0.0500
1.965		0.50			0.05			-0.4989				0.0420				0.0500
1.965		0.60			0.05			-0.5532				0.0496				0.0500
1.965		0.70			0.05			-0.5617				0.0456				0.0500
1.965		0.80			0.05			-0.4949				0.0448				0.0500
1.965		0.89			0.04			-0.3815				0.0392				0.0500
1.975		0.00			0.05			-0.0310				0.0412				0.0500
1.975		0.10			0.05			-0.2195				0.0434				0.0500
1.975		0.20			0.05			-0.2831				0.0356				0.0500
1.975		0.30			0.05			-0.3229				0.0264				0.0500
1.975		0.40			0.05			-0.3967				0.0267				0.0500
1.975		0.50			0.05			-0.4311				0.0402				0.0500
1.975		0.60			0.05			-0.4430				0.0483				0.0500
1.975		0.70			0.05			-0.4575				0.0470				0.0500
1.975		0.80			0.05			-0.4006				0.0529				0.0500
1.975		0.89			0.04			-0.2690				0.0521				0.0500
1.985		0.00			0.05			0.0191				0.0387				0.0500
1.985		0.10			0.05			-0.1861				0.0400				0.0500
1.985		0.20			0.05			-0.3224				0.0338				0.0500
1.985		0.30			0.05			-0.3926				0.0259				0.0500
1.985		0.40			0.05			-0.4057				0.0229				0.0500
1.985		0.50			0.05			-0.4113				0.0277				0.0500
1.985		0.60			0.05			-0.4449				0.0401				0.0500
1.985		0.70			0.05			-0.4352				0.0325				0.0500
1.985		0.80			0.05			-0.3685				0.0283				0.0500
1.985		0.89			0.04			-0.2360				0.0196				0.0500
1.995		0.00			0.05			0.0765				0.0544				0.0500
1.995		0.10			0.05			-0.1223				0.0399				0.0500
1.995		0.20			0.05			-0.2869				0.0338				0.0500
1.995		0.30			0.05			-0.3860				0.0381				0.0500
1.995		0.40			0.05			-0.4584				0.0378				0.0500
1.995		0.50			0.05			-0.5085				0.0321				0.0500
1.995		0.60			0.05			-0.5341				0.0321				0.0500
1.995		0.70			0.05			-0.5151				0.0342				0.0500
1.995		0.80			0.05			-0.4353				0.0339				0.0500
1.995		0.89			0.04			-0.2363				0.0290				0.0500
2.005		0.00			0.05			-0.0859				0.0528				0.0500
2.005		0.10			0.05			-0.2162				0.0419				0.0500
2.005		0.20			0.05			-0.2910				0.0356				0.0500
2.005		0.30			0.05			-0.3709				0.0371				0.0500
2.005		0.40			0.05			-0.4430				0.0339				0.0500
2.005		0.50			0.05			-0.4921				0.0243				0.0500
2.005		0.60			0.05			-0.5413				0.0163				0.0500
2.005		0.70			0.05			-0.5507				0.0105				0.0500
2.005		0.80			0.05			-0.4331				0.0174				0.0500
2.005		0.90			0.05			-0.3026				0.0170				0.0500
2.015		0.00			0.05			-0.0086				0.0240				0.0500
2.015		0.10			0.05			-0.1876				0.0224				0.0500
2.015		0.20			0.05			-0.3176				0.0278				0.0500
2.015		0.30			0.05			-0.4073				0.0359				0.0500
2.015		0.40			0.05			-0.4668				0.0336				0.0500
2.015		0.50			0.05			-0.4993				0.0269				0.0500
2.015		0.60			0.05			-0.5178				0.0261				0.0500
2.015		0.70			0.05			-0.4991				0.0280				0.0500
2.015		0.80			0.05			-0.3946				0.0393				0.0500
2.015		0.88			0.03			-0.2847				0.0530				0.0500
2.025		0.00			0.05			-0.0490				0.0364				0.0500
2.025		0.10			0.05			-0.2103				0.0241				0.0500
2.025		0.20			0.05			-0.2929				0.0235				0.0500
2.025		0.30			0.05			-0.3535				0.0291				0.0500
2.025		0.40			0.05			-0.4019				0.0286				0.0500
2.025		0.50			0.05			-0.4521				0.0279				0.0500
2.025		0.60			0.05			-0.4906				0.0277				0.0500
2.025		0.70			0.05			-0.5058				0.0278				0.0500
2.025		0.80			0.05			-0.4410				0.0417				0.0500
2.025		0.88			0.03			-0.1245				0.0520				0.0500
2.035		0.00			0.05			-0.1000				0.0415				0.0500
2.035		0.10			0.05			-0.1957				0.0332				0.0500
2.035		0.20			0.05			-0.2500				0.0337				0.0500
2.035		0.30			0.05			-0.3032				0.0263				0.0500
2.035		0.40			0.05			-0.3836				0.0231				0.0500
2.035		0.50			0.05			-0.4839				0.0235				0.0500
2.035		0.60			0.05			-0.5508				0.0268				0.0500
2.035		0.70			0.05			-0.5195				0.0327				0.0500
2.035		0.80			0.05			-0.3785				0.0393				0.0500
2.035		0.89			0.04			-0.2914				0.0551				0.0500
2.045		0.00			0.05			-0.1188				0.0495				0.0500
2.045		0.10			0.05			-0.2931				0.0401				0.0500
2.045		0.20			0.05			-0.3581				0.0427				0.0500
2.045		0.30			0.05			-0.3460				0.0431				0.0500
2.045		0.40			0.05			-0.3383				0.0379				0.0500
2.045		0.50			0.05			-0.4174				0.0341				0.0500
2.045		0.60			0.05			-0.5005				0.0243				0.0500
2.045		0.70			0.05			-0.4828				0.0277				0.0500
2.045		0.80			0.05			-0.3625				0.0347				0.0500
2.045		0.88			0.03			-0.3717				0.0443				0.0500
2.055		0.00			0.05			-0.0210				0.0596				0.0500
2.055		0.10			0.05			-0.1759				0.0583				0.0500
2.055		0.20			0.05			-0.3294				0.0457				0.0500
2.055		0.30			0.05			-0.4107				0.0392				0.0500
2.055		0.40			0.05			-0.4628				0.0354				0.0500
2.055		0.50			0.05			-0.4837				0.0360				0.0500
2.055		0.60			0.05			-0.4839				0.0252				0.0500
2.055		0.70			0.05			-0.4679				0.0315				0.0500
2.055		0.80			0.05			-0.4667				0.0379				0.0500
2.055		0.89			0.04			-0.3913				0.0456				0.0500
2.065		0.00			0.05			0.0092				0.0418				0.0500
2.065		0.10			0.05			-0.1798				0.0200				0.0500
2.065		0.20			0.05			-0.2851				0.0298				0.0500
2.065		0.30			0.05			-0.3531				0.0417				0.0500
2.065		0.40			0.05			-0.3848				0.0478				0.0500
2.065		0.50			0.05			-0.4082				0.0442				0.0500
2.065		0.60			0.05			-0.4426				0.0325				0.0500
2.065		0.70			0.05			-0.4847				0.0231				0.0500
2.065		0.80			0.05			-0.4839				0.0277				0.0500
2.065		0.88			0.03			-0.4000				0.0366				0.0500
2.075		0.00			0.05			0.0173				0.0436				0.0500
2.075		0.10			0.05			-0.2051				0.0371				0.0500
2.075		0.20			0.05			-0.3173				0.0403				0.0500
2.075		0.30			0.05			-0.3492				0.0457				0.0500
2.075		0.40			0.05			-0.3169				0.0506				0.0500
2.075		0.50			0.05			-0.3423				0.0491				0.0500
2.075		0.60			0.05			-0.4409				0.0380				0.0500
2.075		0.70			0.05			-0.5118				0.0256				0.0500
2.075		0.80			0.05			-0.5106				0.0536				0.0500
2.075		0.88			0.03			-0.2515				0.0657				0.0500
2.085		0.00			0.05			0.1515				0.0623				0.0500
2.085		0.10			0.05			-0.0425				0.0675				0.0500
2.085		0.20			0.05			-0.2230				0.0649				0.0500
2.085		0.30			0.05			-0.3010				0.0571				0.0500
2.085		0.40			0.05			-0.3788				0.0547				0.0500
2.085		0.50			0.05			-0.4688				0.0578				0.0500
2.085		0.60			0.05			-0.4721				0.0503				0.0500
2.085		0.70			0.05			-0.4620				0.0419				0.0500
2.085		0.80			0.05			-0.5520				0.0565				0.0500
2.085		0.88			0.03			-0.4043				0.0475				0.0500
2.095		0.00			0.05			0.1014				0.0541				0.0500
2.095		0.10			0.05			-0.0125				0.0527				0.0500
2.095		0.20			0.05			-0.1277				0.0482				0.0500
2.095		0.30			0.05			-0.2591				0.0367				0.0500
2.095		0.40			0.05			-0.3698				0.0395				0.0500
2.095		0.50			0.05			-0.4443				0.0472				0.0500
2.095		0.60			0.05			-0.5128				0.0374				0.0500
2.095		0.70			0.05			-0.5735				0.0234				0.0500
2.095		0.80			0.05			-0.5782				0.0461				0.0500
2.095		0.88			0.03			-0.4199				0.0480				0.0500
2.105		0.00			0.05			0.1049				0.0568				0.0500
2.105		0.10			0.05			-0.1213				0.0485				0.0500
2.105		0.20			0.05			-0.2251				0.0435				0.0500
2.105		0.30			0.05			-0.2807				0.0295				0.0500
2.105		0.40			0.05			-0.3514				0.0206				0.0500
2.105		0.50			0.05			-0.4118				0.0227				0.0500
2.105		0.60			0.05			-0.4646				0.0297				0.0500
2.105		0.70			0.05			-0.5334				0.0297				0.0500
2.105		0.80			0.05			-0.5882				0.0352				0.0500
2.105		0.89			0.04			-0.4054				0.0271				0.0500
2.115		0.00			0.05			0.1255				0.0246				0.0500
2.115		0.10			0.05			-0.0037				0.0371				0.0500
2.115		0.20			0.05			-0.1243				0.0402				0.0500
2.115		0.30			0.05			-0.2637				0.0269				0.0500
2.115		0.40			0.05			-0.3620				0.0186				0.0500
2.115		0.50			0.05			-0.4113				0.0269				0.0500
2.115		0.60			0.05			-0.4340				0.0299				0.0500
2.115		0.70			0.05			-0.4784				0.0246				0.0500
2.115		0.80			0.05			-0.6504				0.0209				0.0500
2.115		0.88			0.03			-0.6072				0.0231				0.0500
2.125		0.00			0.05			0.1092				0.0261				0.0500
2.125		0.10			0.05			-0.0104				0.0373				0.0500
2.125		0.20			0.05			-0.1318				0.0326				0.0500
2.125		0.30			0.05			-0.2582				0.0373				0.0500
2.125		0.40			0.05			-0.3452				0.0408				0.0500
2.125		0.50			0.05			-0.4551				0.0414				0.0500
2.125		0.60			0.05			-0.5123				0.0411				0.0500
2.125		0.70			0.05			-0.5389				0.0398				0.0500
2.125		0.80			0.05			-0.5796				0.0543				0.0500
2.125		0.88			0.03			-0.5034				0.0424				0.0500
2.135		0.00			0.05			0.2430				0.0721				0.0500
2.135		0.10			0.05			0.0343				0.0799				0.0500
2.135		0.20			0.05			-0.1537				0.0735				0.0500
2.135		0.30			0.05			-0.2478				0.0585				0.0500
2.135		0.40			0.05			-0.2747				0.0442				0.0500
2.135		0.50			0.05			-0.3327				0.0353				0.0500
2.135		0.60			0.05			-0.4726				0.0318				0.0500
2.135		0.70			0.05			-0.6138				0.0320				0.0500
2.135		0.80			0.05			-0.6511				0.0556				0.0500
2.135		0.88			0.03			-0.3781				0.0749				0.0500
2.145		0.00			0.05			0.3315				0.0623				0.0500
2.145		0.10			0.05			0.1970				0.0531				0.0500
2.145		0.20			0.05			0.0349				0.0460				0.0500
2.145		0.30			0.05			-0.1258				0.0362				0.0500
2.145		0.40			0.05			-0.2605				0.0298				0.0500
2.145		0.50			0.05			-0.3739				0.0278				0.0500
2.145		0.60			0.05			-0.4682				0.0264				0.0500
2.145		0.70			0.05			-0.5906				0.0274				0.0500
2.145		0.80			0.05			-0.6796				0.0634				0.0500
2.145		0.88			0.03			-0.6647				0.0867				0.0500
2.155		0.00			0.05			0.1888				0.0584				0.0500
2.155		0.10			0.05			0.0969				0.0438				0.0500
2.155		0.20			0.05			-0.0265				0.0360				0.0500
2.155		0.30			0.05			-0.1700				0.0377				0.0500
2.155		0.40			0.05			-0.3121				0.0337				0.0500
2.155		0.50			0.05			-0.4158				0.0270				0.0500
2.155		0.60			0.05			-0.5213				0.0206				0.0500
2.155		0.70			0.05			-0.6217				0.0225				0.0500
2.155		0.80			0.05			-0.7007				0.0294				0.0500
2.155		0.88			0.03			-0.7079				0.0353				0.0500
2.165		0.00			0.05			0.2678				0.0576				0.0500
2.165		0.10			0.05			0.1575				0.0629				0.0500
2.165		0.20			0.05			-0.0359				0.0526				0.0500
2.165		0.30			0.05			-0.1978				0.0450				0.0500
2.165		0.40			0.05			-0.3240				0.0353				0.0500
2.165		0.50			0.05			-0.4436				0.0257				0.0500
2.165		0.60			0.05			-0.5368				0.0199				0.0500
2.165		0.70			0.05			-0.6098				0.0202				0.0500
2.165		0.80			0.05			-0.6722				0.0294				0.0500
2.165		0.88			0.03			-0.6688				0.0322				0.0500
2.175		0.00			0.05			0.1087				0.0580				0.0500
2.175		0.10			0.05			-0.0151				0.0604				0.0500
2.175		0.20			0.05			-0.1356				0.0388				0.0500
2.175		0.30			0.05			-0.2555				0.0208				0.0500
2.175		0.40			0.05			-0.3613				0.0139				0.0500
2.175		0.50			0.05			-0.4308				0.0141				0.0500
2.175		0.60			0.05			-0.4978				0.0157				0.0500
2.175		0.70			0.05			-0.5604				0.0261				0.0500
2.175		0.80			0.05			-0.6753				0.0311				0.0500
2.175		0.88			0.03			-0.6645				0.0374				0.0500
2.185		0.00			0.05			0.1328				0.0376				0.0500
2.185		0.10			0.05			0.0859				0.0485				0.0500
2.185		0.20			0.05			-0.0734				0.0474				0.0500
2.185		0.30			0.05			-0.1826				0.0471				0.0500
2.185		0.40			0.05			-0.3222				0.0419				0.0500
2.185		0.50			0.05			-0.4585				0.0324				0.0500
2.185		0.60			0.05			-0.5436				0.0239				0.0500
2.185		0.70			0.05			-0.5700				0.0295				0.0500
2.185		0.80			0.05			-0.6200				0.0329				0.0500
2.185		0.88			0.03			-0.7120				0.0381				0.0500
2.195		0.00			0.05			0.0268				0.0428				0.0500
2.195		0.10			0.05			-0.0266				0.0331				0.0500
2.195		0.20			0.05			-0.0488				0.0188				0.0500
2.195		0.30			0.05			-0.1545				0.0192				0.0500
2.195		0.40			0.05			-0.3200				0.0263				0.0500
2.195		0.50			0.05			-0.4413				0.0251				0.0500
2.195		0.60			0.05			-0.5531				0.0211				0.0500
2.195		0.70			0.05			-0.6172				0.0253				0.0500
2.195		0.80			0.05			-0.7046				0.0308				0.0500
2.195		0.88			0.03			-0.7228				0.0359				0.0500
2.205		0.00			0.05			0.0963				0.0681				0.0500
2.205		0.10			0.05			0.0164				0.0370				0.0500
2.205		0.20			0.05			-0.0527				0.0197				0.0500
2.205		0.30			0.05			-0.1419				0.0125				0.0500
2.205		0.40			0.05			-0.2739				0.0064				0.0500
2.205		0.50			0.05			-0.4052				0.0037				0.0500
2.205		0.60			0.05			-0.5281				0.0061				0.0500
2.205		0.70			0.05			-0.6249				0.0146				0.0500
2.205		0.80			0.05			-0.7202				0.0173				0.0500
2.205		0.88			0.03			-0.6547				0.0194				0.0500
2.215		0.00			0.05			0.1306				0.0304				0.0500
2.215		0.10			0.05			0.0352				0.0321				0.0500
2.215		0.20			0.05			-0.0500				0.0321				0.0500
2.215		0.30			0.05			-0.1472				0.0231				0.0500
2.215		0.40			0.05			-0.2677				0.0120				0.0500
2.215		0.50			0.05			-0.4035				0.0095				0.0500
2.215		0.60			0.05			-0.5345				0.0146				0.0500
2.215		0.70			0.05			-0.6568				0.0162				0.0500
2.215		0.80			0.05			-0.7487				0.0166				0.0500
2.215		0.88			0.03			-0.6176				0.0130				0.0500
2.225		0.00			0.05			0.1800				0.0904				0.0500
2.225		0.10			0.05			0.0740				0.0927				0.0500
2.225		0.20			0.05			0.0068				0.0626				0.0500
2.225		0.30			0.05			-0.1188				0.0300				0.0500
2.225		0.40			0.05			-0.2888				0.0147				0.0500
2.225		0.50			0.05			-0.4181				0.0158				0.0500
2.225		0.60			0.05			-0.5043				0.0218				0.0500
2.225		0.70			0.05			-0.5978				0.0214				0.0500
2.225		0.80			0.05			-0.7149				0.0194				0.0500
2.225		0.88			0.03			-0.6489				0.0143				0.0500
2.235		0.00			0.05			0.2947				0.0756				0.0500
2.235		0.10			0.05			0.2832				0.0753				0.0500
2.235		0.20			0.05			0.0908				0.0397				0.0500
2.235		0.30			0.05			-0.0904				0.0247				0.0500
2.235		0.40			0.05			-0.2539				0.0257				0.0500
2.235		0.50			0.05			-0.4067				0.0274				0.0500
2.235		0.60			0.05			-0.5509				0.0271				0.0500
2.235		0.70			0.05			-0.6498				0.0212				0.0500
2.235		0.80			0.05			-0.7243				0.0162				0.0500
2.235		0.88			0.03			-0.6468				0.0064				0.0500
2.245		0.00			0.05			0.2562				0.0523				0.0500
2.245		0.10			0.05			0.2170				0.0264				0.0500
2.245		0.20			0.05			0.0861				0.0133				0.0500
2.245		0.30			0.05			-0.0595				0.0185				0.0500
2.245		0.40			0.05			-0.2112				0.0345				0.0500
2.245		0.50			0.05			-0.4178				0.0385				0.0500
2.245		0.60			0.05			-0.5628				0.0361				0.0500
2.245		0.70			0.05			-0.6770				0.0218				0.0500
2.245		0.80			0.05			-0.7148				0.0384				0.0500
2.245		0.88			0.03			-0.6325				0.0395				0.0500
2.255		0.00			0.05			0.3058				0.0457				0.0500
2.255		0.10			0.05			0.2385				0.0312				0.0500
2.255		0.20			0.05			0.0846				0.0427				0.0500
2.255		0.30			0.05			-0.0723				0.0368				0.0500
2.255		0.40			0.05			-0.1733				0.0304				0.0500
2.255		0.50			0.05			-0.3076				0.0308				0.0500
2.255		0.60			0.05			-0.4761				0.0338				0.0500
2.255		0.70			0.05			-0.6125				0.0265				0.0500
2.255		0.80			0.05			-0.7182				0.0381				0.0500
2.255		0.88			0.03			-0.8185				0.0357				0.0500
2.265		0.00			0.05			0.3157				0.0706				0.0500
2.265		0.10			0.05			0.1465				0.0720				0.0500
2.265		0.20			0.05			-0.0173				0.0803				0.0500
2.265		0.30			0.05			-0.1365				0.0701				0.0500
2.265		0.40			0.05			-0.2427				0.0429				0.0500
2.265		0.50			0.05			-0.3288				0.0149				0.0500
2.265		0.60			0.05			-0.4593				0.0195				0.0500
2.265		0.70			0.05			-0.5929				0.0215				0.0500
2.265		0.80			0.05			-0.7006				0.0343				0.0500
2.265		0.88			0.03			-0.7086				0.0347				0.0500
2.275		0.00			0.05			0.3519				0.1050				0.0500
2.275		0.10			0.05			0.3302				0.1191				0.0500
2.275		0.20			0.05			0.2491				0.1072				0.0500
2.275		0.30			0.05			0.0812				0.0917				0.0500
2.275		0.40			0.05			-0.1359				0.0670				0.0500
2.275		0.50			0.05			-0.3470				0.0276				0.0500
2.275		0.60			0.05			-0.4545				0.0177				0.0500
2.275		0.70			0.05			-0.5672				0.0224				0.0500
2.275		0.80			0.05			-0.6910				0.0512				0.0500
2.275		0.88			0.03			-0.8010				0.0618				0.0500
2.285		0.00			0.05			0.1834				0.0937				0.0500
2.285		0.10			0.05			0.3347				0.0850				0.0500
2.285		0.20			0.05			0.3989				0.0646				0.0500
2.285		0.30			0.05			0.1345				0.0711				0.0500
2.285		0.40			0.05			-0.1714				0.0620				0.0500
2.285		0.50			0.05			-0.3578				0.0452				0.0500
2.285		0.60			0.05			-0.4616				0.0302				0.0500
2.285		0.70			0.05			-0.5326				0.0233				0.0500
2.285		0.80			0.05			-0.6760				0.0555				0.0500
2.285		0.88			0.03			-0.8062				0.0636				0.0500
2.295		0.00			0.05			0.3802				0.0926				0.0500
2.295		0.10			0.05			0.4024				0.0883				0.0500
2.295		0.20			0.05			0.3563				0.0658				0.0500
2.295		0.30			0.05			0.2469				0.0599				0.0500
2.295		0.40			0.05			0.0243				0.0533				0.0500
2.295		0.50			0.05			-0.2431				0.0444				0.0500
2.295		0.60			0.05			-0.4543				0.0385				0.0500
2.295		0.70			0.05			-0.5924				0.0358				0.0500
2.295		0.80			0.05			-0.6839				0.0648				0.0500
2.295		0.88			0.03			-0.6742				0.0753				0.0500
2.305		0.00			0.05			0.3469				0.0735				0.0500
2.305		0.10			0.05			0.3098				0.0643				0.0500
2.305		0.20			0.05			0.2709				0.0563				0.0500
2.305		0.30			0.05			0.1374				0.0468				0.0500
2.305		0.40			0.05			-0.0175				0.0411				0.0500
2.305		0.50			0.05			-0.2228				0.0281				0.0500
2.305		0.60			0.05			-0.4633				0.0292				0.0500
2.305		0.70			0.05			-0.6555				0.0331				0.0500
2.305		0.80			0.05			-0.7670				0.0305				0.0500
2.305		0.88			0.03			-0.6952				0.0275				0.0500
2.315		0.00			0.05			0.2600				0.0514				0.0500
2.315		0.10			0.05			0.2338				0.0421				0.0500
2.315		0.20			0.05			0.2674				0.0555				0.0500
2.315		0.30			0.05			0.2339				0.0501				0.0500
2.315		0.40			0.05			0.0202				0.0425				0.0500
2.315		0.50			0.05			-0.2396				0.0287				0.0500
2.315		0.60			0.05			-0.4392				0.0303				0.0500
2.315		0.70			0.05			-0.5983				0.0397				0.0500
2.315		0.80			0.05			-0.6949				0.0451				0.0500
2.315		0.88			0.03			-0.6227				0.0441				0.0500
2.325		0.00			0.05			0.4435				0.0822				0.0500
2.325		0.10			0.05			0.4179				0.0747				0.0500
2.325		0.20			0.05			0.3521				0.0571				0.0500
2.325		0.30			0.05			0.2218				0.0435				0.0500
2.325		0.40			0.05			0.0187				0.0446				0.0500
2.325		0.50			0.05			-0.2187				0.0338				0.0500
2.325		0.60			0.05			-0.4697				0.0326				0.0500
2.325		0.70			0.05			-0.7078				0.0446				0.0500
2.325		0.80			0.05			-0.8056				0.0589				0.0500
2.325		0.88			0.03			-0.7876				0.0671				0.0500
2.335		0.00			0.05			0.4823				0.0845				0.0500
2.335		0.10			0.05			0.4466				0.0529				0.0500
2.335		0.20			0.05			0.3284				0.0356				0.0500
2.335		0.30			0.05			0.1768				0.0389				0.0500
2.335		0.40			0.05			-0.0030				0.0475				0.0500
2.335		0.50			0.05			-0.2076				0.0460				0.0500
2.335		0.60			0.05			-0.4499				0.0475				0.0500
2.335		0.70			0.05			-0.6676				0.0592				0.0500
2.335		0.80			0.05			-0.8277				0.0662				0.0500
2.335		0.88			0.03			-0.8453				0.0663				0.0500
2.345		0.00			0.05			0.3111				0.0536				0.0500
2.345		0.10			0.05			0.3681				0.0398				0.0500
2.345		0.20			0.05			0.3711				0.0346				0.0500
2.345		0.30			0.05			0.2276				0.0448				0.0500
2.345		0.40			0.05			-0.0259				0.0538				0.0500
2.345		0.50			0.05			-0.2458				0.0449				0.0500
2.345		0.60			0.05			-0.3993				0.0394				0.0500
2.345		0.70			0.05			-0.5320				0.0482				0.0500
2.345		0.80			0.05			-0.6590				0.0627				0.0500
2.345		0.88			0.03			-0.6981				0.0656				0.0500
2.355		0.00			0.05			0.4149				0.0750				0.0500
2.355		0.10			0.05			0.4448				0.0757				0.0500
2.355		0.20			0.05			0.4162				0.0594				0.0500
2.355		0.30			0.05			0.2935				0.0626				0.0500
2.355		0.40			0.05			0.1221				0.0444				0.0500
2.355		0.50			0.05			-0.1253				0.0417				0.0500
2.355		0.60			0.05			-0.3743				0.0407				0.0500
2.355		0.70			0.05			-0.5969				0.0472				0.0500
2.355		0.80			0.05			-0.7761				0.0616				0.0500
2.355		0.88			0.03			-0.8382				0.0578				0.0500
2.365		0.00			0.05			0.5251				0.0754				0.0500
2.365		0.10			0.05			0.3178				0.0789				0.0500
2.365		0.20			0.05			0.2136				0.0786				0.0500
2.365		0.30			0.05			0.1491				0.0667				0.0500
2.365		0.40			0.05			0.0437				0.0519				0.0500
2.365		0.50			0.05			-0.1815				0.0431				0.0500
2.365		0.60			0.05			-0.4467				0.0435				0.0500
2.365		0.70			0.05			-0.6883				0.0334				0.0500
2.365		0.80			0.05			-0.7921				0.0483				0.0500
2.365		0.88			0.03			-0.7132				0.0478				0.0500
2.375		0.00			0.05			0.3823				0.1038				0.0500
2.375		0.10			0.05			0.3017				0.0863				0.0500
2.375		0.20			0.05			0.2344				0.0669				0.0500
2.375		0.30			0.05			0.1724				0.0434				0.0500
2.375		0.40			0.05			0.0006				0.0463				0.0500
2.375		0.50			0.05			-0.2469				0.0315				0.0500
2.375		0.60			0.05			-0.4935				0.0243				0.0500
2.375		0.70			0.05			-0.6591				0.0302				0.0500
2.375		0.80			0.05			-0.7703				0.0303				0.0500
2.375		0.88			0.03			-0.7309				0.0305				0.0500
2.385		0.00			0.05			0.3644				0.1211				0.0500
2.385		0.10			0.05			0.3544				0.0820				0.0500
2.385		0.20			0.05			0.3614				0.0865				0.0500
2.385		0.30			0.05			0.2580				0.0848				0.0500
2.385		0.40			0.05			0.0876				0.0745				0.0500
2.385		0.50			0.05			-0.1789				0.0479				0.0500
2.385		0.60			0.05			-0.4525				0.0285				0.0500
2.385		0.70			0.05			-0.5815				0.0290				0.0500
2.385		0.80			0.05			-0.6863				0.0349				0.0500
2.385		0.88			0.03			-0.7404				0.0333				0.0500
2.395		0.00			0.05			0.3100				0.1429				0.0500
2.395		0.10			0.05			0.4632				0.0915				0.0500
2.395		0.20			0.05			0.3201				0.0786				0.0500
2.395		0.30			0.05			0.1253				0.0558				0.0500
2.395		0.40			0.05			-0.0354				0.0371				0.0500
2.395		0.50			0.05			-0.2244				0.0416				0.0500
2.395		0.60			0.05			-0.4168				0.0191				0.0500
2.395		0.70			0.05			-0.6071				0.0227				0.0500
2.395		0.80			0.05			-0.7610				0.0215				0.0500
2.395		0.88			0.03			-0.7476				0.0291				0.0500
2.405		0.00			0.05			0.2317				0.1323				0.0500
2.405		0.10			0.05			0.2542				0.0962				0.0500
2.405		0.20			0.05			0.2261				0.0580				0.0500
2.405		0.30			0.05			0.1950				0.0483				0.0500
2.405		0.40			0.05			0.0710				0.0432				0.0500
2.405		0.50			0.05			-0.1774				0.0541				0.0500
2.405		0.60			0.05			-0.4166				0.0442				0.0500
2.405		0.70			0.05			-0.6021				0.0506				0.0500
2.405		0.80			0.05			-0.7579				0.0540				0.0500
2.405		0.88			0.03			-0.7943				0.0558				0.0500
2.415		0.00			0.05			0.1304				0.1085				0.0500
2.415		0.10			0.05			0.1304				0.0782				0.0500
2.415		0.20			0.05			0.2044				0.0515				0.0500
2.415		0.30			0.05			0.2222				0.0475				0.0500
2.415		0.40			0.05			0.0455				0.0550				0.0500
2.415		0.50			0.05			-0.2525				0.0675				0.0500
2.415		0.60			0.05			-0.5522				0.0685				0.0500
2.415		0.70			0.05			-0.7248				0.0623				0.0500
2.415		0.80			0.05			-0.8167				0.0543				0.0500
2.415		0.88			0.03			-0.8320				0.0507				0.0500
2.425		0.00			0.05			0.2776				0.1072				0.0500
2.425		0.10			0.05			0.1790				0.1039				0.0500
2.425		0.20			0.05			0.0611				0.0922				0.0500
2.425		0.30			0.05			0.1253				0.0733				0.0500
2.425		0.40			0.05			0.1801				0.0663				0.0500
2.425		0.50			0.05			-0.0764				0.0690				0.0500
2.425		0.60			0.05			-0.4324				0.0729				0.0500
2.425		0.70			0.05			-0.6730				0.0544				0.0500
2.425		0.80			0.05			-0.8190				0.0534				0.0500
2.425		0.88			0.03			-0.7765				0.0597				0.0500
2.435		0.00			0.05			0.1788				0.0860				0.0500
2.435		0.10			0.05			0.2714				0.0830				0.0500
2.435		0.20			0.05			0.3500				0.0769				0.0500
2.435		0.30			0.05			0.2860				0.0711				0.0500
2.435		0.40			0.05			0.0057				0.0604				0.0500
2.435		0.50			0.05			-0.2399				0.0608				0.0500
2.435		0.60			0.05			-0.4582				0.0648				0.0500
2.435		0.70			0.05			-0.6789				0.0527				0.0500
2.435		0.80			0.05			-0.7477				0.0514				0.0500
2.435		0.88			0.03			-0.6231				0.0588				0.0500
2.445		0.00			0.05			-0.0506				0.1138				0.0500
2.445		0.10			0.05			0.1077				0.0654				0.0500
2.445		0.20			0.05			0.2077				0.0509				0.0500
2.445		0.30			0.05			0.2029				0.0409				0.0500
2.445		0.40			0.05			0.0853				0.0365				0.0500
2.445		0.50			0.05			-0.1506				0.0405				0.0500
2.445		0.60			0.05			-0.4295				0.0532				0.0500
2.445		0.70			0.05			-0.7149				0.0541				0.0500
2.445		0.80			0.05			-0.8650				0.0720				0.0500
2.445		0.88			0.03			-0.6486				0.0791				0.0500
2.455		0.00			0.05			-0.0891				0.0990				0.0500
2.455		0.10			0.05			0.0479				0.0871				0.0500
2.455		0.20			0.05			0.1973				0.0811				0.0500
2.455		0.30			0.05			0.2621				0.0768				0.0500
2.455		0.40			0.05			0.0861				0.0508				0.0500
2.455		0.50			0.05			-0.2375				0.0394				0.0500
2.455		0.60			0.05			-0.4853				0.0382				0.0500
2.455		0.70			0.05			-0.6451				0.0438				0.0500
2.455		0.80			0.05			-0.8277				0.0553				0.0500
2.455		0.88			0.03			-0.8943				0.0664				0.0500
2.465		0.00			0.05			0.0334				0.1031				0.0500
2.465		0.10			0.05			0.0224				0.0758				0.0500
2.465		0.20			0.05			0.0006				0.0777				0.0500
2.465		0.30			0.05			0.0002				0.0931				0.0500
2.465		0.40			0.05			-0.0631				0.0826				0.0500
2.465		0.50			0.05			-0.3042				0.0588				0.0500
2.465		0.60			0.05			-0.5042				0.0328				0.0500
2.465		0.70			0.05			-0.6351				0.0322				0.0500
2.465		0.80			0.05			-0.7275				0.0430				0.0500
2.465		0.87			0.02			-0.7466				0.0474				0.0500
2.475		0.00			0.05			0.0724				0.0826				0.0500
2.475		0.10			0.05			0.0558				0.0331				0.0500
2.475		0.20			0.05			0.0990				0.0403				0.0500
2.475		0.30			0.05			0.1396				0.0672				0.0500
2.475		0.40			0.05			-0.0122				0.0815				0.0500
2.475		0.50			0.05			-0.2551				0.0695				0.0500
2.475		0.60			0.05			-0.4547				0.0494				0.0500
2.475		0.70			0.05			-0.6097				0.0284				0.0500
2.475		0.80			0.05			-0.7297				0.0236				0.0500
2.475		0.87			0.02			-0.7060				0.0263				0.0500
2.485		0.00			0.05			0.0593				0.1676				0.0500
2.485		0.10			0.05			0.0528				0.1496				0.0500
2.485		0.20			0.05			0.1044				0.1236				0.0500
2.485		0.30			0.05			0.1457				0.0922				0.0500
2.485		0.40			0.05			-0.0397				0.0627				0.0500
2.485		0.50			0.05			-0.2859				0.0483				0.0500
2.485		0.60			0.05			-0.4855				0.0497				0.0500
2.485		0.70			0.05			-0.5855				0.0395				0.0500
2.485		0.80			0.05			-0.7455				0.0261				0.0500
2.485		0.87			0.02			-0.6673				0.0624				0.0500
2.495		0.00			0.05			-0.3071				0.1140				0.0500
2.495		0.10			0.05			-0.3118				0.1242				0.0500
2.495		0.20			0.05			-0.1877				0.1283				0.0500
2.495		0.30			0.05			0.1055				0.0999				0.0500
2.495		0.40			0.05			0.1495				0.0475				0.0500
2.495		0.50			0.05			-0.1431				0.0359				0.0500
2.495		0.60			0.05			-0.4854				0.0239				0.0500
2.495		0.70			0.05			-0.6745				0.0338				0.0500
2.495		0.80			0.05			-0.8028				0.0489				0.0500
2.495		0.87			0.02			-0.8442				0.0338				0.0500
2.505		0.00			0.05			-0.2330				0.0610				0.0500
2.505		0.10			0.05			-0.3240				0.0722				0.0500
2.505		0.20			0.05			-0.1668				0.0572				0.0500
2.505		0.30			0.05			0.2189				0.0617				0.0500
2.505		0.40			0.05			0.2364				0.0626				0.0500
2.505		0.50			0.05			-0.1375				0.0697				0.0500
2.505		0.60			0.05			-0.5329				0.0759				0.0500
2.505		0.70			0.05			-0.7254				0.0743				0.0500
2.505		0.80			0.05			-0.8141				0.0571				0.0500
2.505		0.87			0.02			-0.8421				0.0388				0.0500
2.515		0.00			0.05			-0.2613				0.0678				0.0500
2.515		0.10			0.05			-0.1327				0.0499				0.0500
2.515		0.20			0.05			0.0165				0.0632				0.0500
2.515		0.30			0.05			0.1903				0.0800				0.0500
2.515		0.40			0.05			0.1041				0.0794				0.0500
2.515		0.50			0.05			-0.0918				0.0831				0.0500
2.515		0.60			0.05			-0.3010				0.0865				0.0500
2.515		0.70			0.05			-0.4884				0.0733				0.0500
2.515		0.80			0.05			-0.7022				0.0577				0.0500
2.515		0.87			0.02			-0.8525				0.0447				0.0500
2.525		0.00			0.05			-0.1483				0.0737				0.0500
2.525		0.10			0.05			-0.1047				0.0665				0.0500
2.525		0.20			0.05			0.0277				0.0804				0.0500
2.525		0.30			0.05			0.1961				0.0856				0.0500
2.525		0.40			0.05			0.0534				0.0786				0.0500
2.525		0.50			0.05			-0.2912				0.0808				0.0500
2.525		0.60			0.05			-0.4714				0.0878				0.0500
2.525		0.70			0.05			-0.6669				0.0654				0.0500
2.525		0.80			0.05			-0.8081				0.0484				0.0500
2.525		0.87			0.02			-0.8762				0.0388				0.0500
2.535		0.00			0.05			-0.3260				0.0709				0.0500
2.535		0.10			0.05			-0.2594				0.0577				0.0500
2.535		0.20			0.05			-0.1463				0.0622				0.0500
2.535		0.30			0.05			-0.0421				0.0736				0.0500
2.535		0.40			0.05			-0.1181				0.0645				0.0500
2.535		0.50			0.05			-0.3410				0.0414				0.0500
2.535		0.60			0.05			-0.4785				0.0241				0.0500
2.535		0.70			0.05			-0.6400				0.0232				0.0500
2.535		0.80			0.05			-0.7457				0.0288				0.0500
2.535		0.87			0.02			-0.7785				0.0323				0.0500
2.545		0.00			0.05			-0.2032				0.0795				0.0500
2.545		0.10			0.05			-0.1480				0.0711				0.0500
2.545		0.20			0.05			-0.1365				0.0854				0.0500
2.545		0.30			0.05			0.0180				0.0859				0.0500
2.545		0.40			0.05			0.0171				0.0708				0.0500
2.545		0.50			0.05			-0.2161				0.0484				0.0500
2.545		0.60			0.05			-0.4964				0.0337				0.0500
2.545		0.70			0.05			-0.6497				0.0263				0.0500
2.545		0.80			0.05			-0.7588				0.0181				0.0500
2.545		0.87			0.02			-0.7998				0.0115				0.0500
2.555		0.00			0.05			-0.0859				0.0710				0.0500
2.555		0.10			0.05			0.0206				0.0512				0.0500
2.555		0.20			0.05			0.0116				0.0789				0.0500
2.555		0.30			0.05			-0.0541				0.0925				0.0500
2.555		0.40			0.05			-0.0969				0.0846				0.0500
2.555		0.50			0.05			-0.2512				0.0624				0.0500
2.555		0.60			0.05			-0.4346				0.0552				0.0500
2.555		0.70			0.05			-0.6008				0.0495				0.0500
2.555		0.80			0.05			-0.7210				0.0305				0.0500
2.555		0.87			0.02			-0.7839				0.0150				0.0500
2.565		0.00			0.05			-0.0407				0.0931				0.0500
2.565		0.10			0.05			-0.0586				0.0879				0.0500
2.565		0.20			0.05			-0.1635				0.0808				0.0500
2.565		0.30			0.05			-0.1586				0.0643				0.0500
2.565		0.40			0.05			-0.1324				0.0524				0.0500
2.565		0.50			0.05			-0.1650				0.0560				0.0500
2.565		0.60			0.05			-0.2983				0.0490				0.0500
2.565		0.70			0.05			-0.4916				0.0412				0.0500
2.565		0.80			0.05			-0.7073				0.0296				0.0500
2.565		0.87			0.02			-0.8210				0.0186				0.0500
2.575		0.00			0.05			-0.4042				0.1353				0.0500
2.575		0.10			0.05			-0.3429				0.1011				0.0500
2.575		0.20			0.05			-0.2130				0.0602				0.0500
2.575		0.30			0.05			-0.0846				0.0407				0.0500
2.575		0.40			0.05			-0.0464				0.0373				0.0500
2.575		0.50			0.05			-0.2482				0.0464				0.0500
2.575		0.60			0.05			-0.4210				0.0464				0.0500
2.575		0.70			0.05			-0.6105				0.0407				0.0500
2.575		0.80			0.05			-0.7311				0.0450				0.0500
2.575		0.87			0.02			-0.7776				0.0439				0.0500
2.585		0.00			0.05			-0.4235				0.0968				0.0500
2.585		0.10			0.05			-0.2477				0.0667				0.0500
2.585		0.20			0.05			-0.1357				0.0586				0.0500
2.585		0.30			0.05			-0.1329				0.0482				0.0500
2.585		0.40			0.05			-0.1160				0.0450				0.0500
2.585		0.50			0.05			-0.1368				0.0482				0.0500
2.585		0.60			0.05			-0.3106				0.0421				0.0500
2.585		0.70			0.05			-0.5726				0.0395				0.0500
2.585		0.80			0.05			-0.7850				0.0486				0.0500
2.585		0.87			0.02			-0.9208				0.0522				0.0500
2.595		0.00			0.05			-0.3803				0.1019				0.0500
2.595		0.10			0.05			-0.4454				0.0702				0.0500
2.595		0.20			0.05			-0.2707				0.0616				0.0500
2.595		0.30			0.05			-0.0467				0.0561				0.0500
2.595		0.40			0.05			-0.0437				0.0481				0.0500
2.595		0.50			0.05			-0.2071				0.0446				0.0500
2.595		0.60			0.05			-0.3946				0.0303				0.0500
2.595		0.70			0.05			-0.5644				0.0365				0.0500
2.595		0.80			0.05			-0.6906				0.0493				0.0500
2.595		0.87			0.02			-0.7547				0.0601				0.0500
2.605		0.00			0.05			-0.6772				0.1060				0.0500
2.605		0.10			0.05			-0.7837				0.1101				0.0500
2.605		0.20			0.05			-0.3097				0.1358				0.0500
2.605		0.30			0.05			-0.0386				0.1170				0.0500
2.605		0.40			0.05			-0.1022				0.0781				0.0500
2.605		0.50			0.05			-0.2006				0.0762				0.0500
2.605		0.60			0.05			-0.4444				0.0717				0.0500
2.605		0.70			0.05			-0.6148				0.0740				0.0500
2.605		0.80			0.05			-0.7932				0.0562				0.0500
2.605		0.87			0.02			-0.8367				0.0450				0.0500
2.615		0.00			0.05			-0.7181				0.1069				0.0500
2.615		0.10			0.05			-0.7386				0.1507				0.0500
2.615		0.20			0.05			-0.5373				0.1694				0.0500
2.615		0.30			0.05			-0.1901				0.1380				0.0500
2.615		0.40			0.05			-0.0588				0.1017				0.0500
2.615		0.50			0.05			-0.2467				0.0856				0.0500
2.615		0.60			0.05			-0.4849				0.0750				0.0500
2.615		0.70			0.05			-0.6634				0.0610				0.0500
2.615		0.80			0.05			-0.8080				0.0519				0.0500
2.615		0.87			0.02			-0.8238				0.0403				0.0500
2.625		0.00			0.05			-0.6100				0.1325				0.0500
2.625		0.10			0.05			-0.3571				0.1798				0.0500
2.625		0.20			0.05			-0.0482				0.1915				0.0500
2.625		0.30			0.05			0.1307				0.1623				0.0500
2.625		0.40			0.05			0.1401				0.1200				0.0500
2.625		0.50			0.05			-0.0651				0.0821				0.0500
2.625		0.60			0.05			-0.3589				0.0378				0.0500
2.625		0.70			0.05			-0.6466				0.0240				0.0500
2.625		0.80			0.05			-0.7891				0.0364				0.0500
2.625		0.87			0.02			-0.6789				0.0362				0.0500
2.635		0.00			0.05			-0.7389				0.1194				0.0500
2.635		0.10			0.05			-0.8744				0.1755				0.0500
2.635		0.20			0.05			-0.7503				0.1920				0.0500
2.635		0.30			0.05			-0.3081				0.1413				0.0500
2.635		0.40			0.05			0.0224				0.0836				0.0500
2.635		0.50			0.05			-0.1057				0.0329				0.0500
2.635		0.60			0.05			-0.3909				0.0335				0.0500
2.635		0.70			0.05			-0.6207				0.0242				0.0500
2.635		0.80			0.05			-0.7722				0.0270				0.0500
2.635		0.87			0.02			-0.7976				0.0297				0.0500
2.645		0.00			0.05			-0.8193				0.1823				0.0500
2.645		0.10			0.05			-0.8715				0.1820				0.0500
2.645		0.20			0.05			-0.2664				0.1806				0.0500
2.645		0.30			0.05			0.2059				0.1275				0.0500
2.645		0.40			0.05			0.0913				0.1033				0.0500
2.645		0.50			0.05			-0.1511				0.0527				0.0500
2.645		0.60			0.05			-0.4224				0.0286				0.0500
2.645		0.70			0.05			-0.6485				0.0313				0.0500
2.645		0.80			0.05			-0.8016				0.0489				0.0500
2.645		0.87			0.02			-0.8116				0.0600				0.0500
2.655		0.40			0.05			-0.0702				0.1442				0.0500
2.655		0.50			0.05			-0.1798				0.0823				0.0500
2.655		0.60			0.05			-0.3884				0.0683				0.0500
2.655		0.70			0.05			-0.6545				0.0573				0.0500
2.655		0.80			0.05			-0.8602				0.0724				0.0500
2.655		0.87			0.02			-0.9464				0.0848				0.0500
2.665		0.40			0.05			0.0362				0.1003				0.0500
2.665		0.50			0.05			0.0525				0.0734				0.0500
2.665		0.60			0.05			-0.3116				0.0590				0.0500
2.665		0.70			0.05			-0.5789				0.0524				0.0500
2.665		0.80			0.05			-0.6838				0.0841				0.0500
2.665		0.87			0.02			-0.6507				0.1103				0.0500
2.675		0.40			0.05			0.0775				0.0885				0.0500
2.675		0.50			0.05			-0.1496				0.0620				0.0500
2.675		0.60			0.05			-0.4298				0.0562				0.0500
2.675		0.70			0.05			-0.6431				0.0431				0.0500
2.675		0.80			0.05			-0.7249				0.0646				0.0500
2.675		0.87			0.02			-0.6778				0.0779				0.0500
2.685		0.40			0.05			0.0051				0.1023				0.0500
2.685		0.50			0.05			-0.1356				0.0543				0.0500
2.685		0.60			0.05			-0.4125				0.0535				0.0500
2.685		0.70			0.05			-0.6357				0.0399				0.0500
2.685		0.80			0.05			-0.7804				0.0566				0.0500
2.685		0.87			0.02			-0.8225				0.0690				0.0500
2.695		0.40			0.05			0.1023				0.1311				0.0500
2.695		0.50			0.05			-0.1051				0.1228				0.0500
2.695		0.60			0.05			-0.4869				0.0712				0.0500
2.695		0.70			0.05			-0.6979				0.0488				0.0500
2.695		0.80			0.05			-0.7624				0.0453				0.0500
2.695		0.87			0.02			-0.6526				0.0448				0.0500
2.705		0.50			0.05			-0.1755				0.1178				0.0500
2.705		0.60			0.05			-0.2612				0.0842				0.0500
2.705		0.70			0.05			-0.5836				0.0544				0.0500
2.705		0.80			0.05			-0.8212				0.0442				0.0500
2.705		0.87			0.02			-0.7633				0.0422				0.0500
2.715		0.50			0.05			-0.2525				0.1015				0.0500
2.715		0.60			0.05			-0.4770				0.0650				0.0500
2.715		0.70			0.05			-0.6371				0.0525				0.0500
2.715		0.80			0.05			-0.7623				0.0324				0.0500
2.715		0.87			0.02			-0.7965				0.0283				0.0500
2.725		0.50			0.05			-0.1464				0.0887				0.0500
2.725		0.60			0.05			-0.4644				0.0638				0.0500
2.725		0.70			0.05			-0.6773				0.0493				0.0500
2.725		0.80			0.05			-0.8034				0.0288				0.0500
2.725		0.87			0.02			-0.8170				0.0274				0.0500
2.735		0.50			0.05			-0.1688				0.1364				0.0500
2.735		0.60			0.05			-0.3892				0.1044				0.0500
2.735		0.70			0.05			-0.6100				0.0601				0.0500
2.735		0.80			0.05			-0.7652				0.0512				0.0500
2.735		0.86			0.01			-0.7988				0.0391				0.0500
2.745		0.50			0.05			0.1805				0.1370				0.0500
2.745		0.60			0.05			-0.5081				0.0757				0.0500
2.745		0.70			0.05			-0.7783				0.0517				0.0500
2.745		0.80			0.05			-0.7924				0.0629				0.0500
2.745		0.86			0.01			-0.6427				0.0492				0.0500
2.755		0.50			0.05			-0.0836				0.1554				0.0500
2.755		0.60			0.05			-0.3113				0.0978				0.0500
2.755		0.70			0.05			-0.5818				0.0628				0.0500
2.755		0.80			0.05			-0.8027				0.0641				0.0500
2.755		0.86			0.01			-0.8043				0.0551				0.0500
2.765		0.50			0.05			-0.2536				0.1053				0.0500
2.765		0.60			0.05			-0.5004				0.0678				0.0500
2.765		0.70			0.05			-0.6410				0.0625				0.0500
2.765		0.80			0.05			-0.8145				0.0524				0.0500
2.765		0.86			0.01			-0.9136				0.0395				0.0500
2.775		0.50			0.05			-0.1788				0.0638				0.0500
2.775		0.60			0.05			-0.3967				0.0515				0.0500
2.775		0.70			0.05			-0.5178				0.0538				0.0500
2.775		0.80			0.05			-0.7499				0.0633				0.0500
2.775		0.86			0.01			-0.8523				0.0609				0.0500
2.785		0.50			0.05			-0.2963				0.1156				0.0500
2.785		0.60			0.05			-0.3981				0.0714				0.0500
2.785		0.70			0.05			-0.6467				0.0758				0.0500
2.785		0.80			0.05			-0.7732				0.0822				0.0500
2.785		0.86			0.01			-0.6959				0.0786				0.0500
2.795		0.50			0.05			-0.1340				0.1721				0.0500
2.795		0.60			0.05			-0.4636				0.0811				0.0500
2.795		0.70			0.05			-0.7449				0.0771				0.0500
2.795		0.80			0.05			-0.8749				0.0680				0.0500
2.795		0.86			0.01			-0.8788				0.0583				0.0500
2.805		0.50			0.05			0.1074				0.1571				0.0500
2.805		0.60			0.05			-0.2405				0.0847				0.0500
2.805		0.70			0.05			-0.5023				0.0842				0.0500
2.805		0.80			0.05			-0.8209				0.0396				0.0500
2.805		0.86			0.01			-0.8257				0.0080				0.0500
2.815		0.50			0.05			-0.0344				0.0419				0.0500
2.815		0.60			0.05			-0.3104				0.0408				0.0500
2.815		0.70			0.05			-0.6093				0.0386				0.0500
2.815		0.80			0.05			-0.7947				0.0332				0.0500
2.815		0.86			0.01			-0.8309				0.0284				0.0500
2.825		0.50			0.05			0.0019				0.2033				0.0500
2.825		0.60			0.05			-0.1994				0.1190				0.0500
2.825		0.70			0.05			-0.5467				0.0589				0.0500
2.825		0.80			0.05			-0.7299				0.0330				0.0500
2.825		0.86			0.01			-0.8332				0.0275				0.0500
2.835		0.50			0.05			0.4969				0.4171				0.0500
2.835		0.60			0.05			-0.3047				0.2383				0.0500
2.835		0.70			0.05			-0.5849				0.1250				0.0500
2.835		0.80			0.05			-0.7665				0.0608				0.0500
2.835		0.86			0.01			-0.8062				0.0262				0.0500
