# HICKS 07 PR C76,042201 


$vars: wlab_min (GeV) & wlab_max (GeV) & costhkcm & diffcs -dt


#      E_lab bins  cos(theta)	   diffcs     err_tot
# ---------------  ----------      ------     -------
  1.5         1.8      -0.856       0.600       0.057
  1.5         1.8      -0.899       0.627       0.068
  1.5         1.8      -0.928       0.593       0.063
  1.5         1.8      -0.957       0.657       0.065
  1.5         1.8      -0.986       0.591       0.071
  1.8         2.1      -0.804       0.192       0.035
  1.8         2.1      -0.847       0.288       0.034
  1.8         2.1      -0.880       0.268       0.041
  1.8         2.1      -0.902       0.317       0.041
  1.8         2.1      -0.924       0.276       0.035
  1.8         2.1      -0.945       0.317       0.039
  1.8         2.1      -0.967       0.295       0.037
  1.8         2.1      -0.989       0.212       0.038
  2.1         2.4      -0.807       0.153       0.027
  2.1         2.4      -0.842       0.159       0.025
  2.1         2.4      -0.877       0.139       0.020
  2.1         2.4      -0.912       0.184       0.020
  2.1         2.4      -0.942       0.157       0.023
  2.1         2.4      -0.965       0.155       0.022

