$vars: wlab (GeV) & / & costhkcm & S


#      E_lab	   theta  cos(theta)        Sigma      err_tot
#      -----	 -------  ----------       ------      -------
       0.980      31.305       0.854       0.1477       0.0612
       0.980      59.124       0.513       0.0246       0.0802
       0.980      80.691       0.162       0.0183       0.0825
       1.027      30.581       0.861       0.1172       0.0422
       1.027      57.458       0.538       0.1294       0.0733
       1.027      81.660       0.145       0.0572       0.0520
       1.074      31.162       0.856       0.0742       0.0373
       1.074      57.495       0.537       0.1409       0.0512
       1.074      81.021       0.156       0.0936       0.0471
       1.122      32.403       0.844       0.1852       0.0408
       1.122      57.604       0.536       0.1978       0.0609
       1.122      80.550       0.164       0.1990       0.0819
       1.171      34.115       0.828       0.1973       0.0575
       1.171      58.930       0.516       0.3247       0.0713
       1.171      80.470       0.166       0.3593       0.1022
       1.222      34.590       0.823       0.2473       0.0469
       1.222      58.919       0.516       0.2590       0.0597
       1.222      80.429       0.166       0.2726       0.0831
       1.272      35.759       0.811       0.2889       0.0403
       1.272      59.246       0.511       0.2304       0.0472
       1.272      80.566       0.164       0.2625       0.0938
       1.321      35.967       0.809       0.2686       0.0381
       1.321      59.395       0.509       0.3287       0.0758
       1.321      80.334       0.168       0.2956       0.0471
       1.372      36.095       0.808       0.2858       0.0412
       1.372      59.450       0.508       0.3043       0.0699
       1.372      80.115       0.172       0.2584       0.0523
       1.421      35.655       0.813       0.3098       0.0457
       1.421      59.571       0.506       0.3229       0.1041
       1.421      80.336       0.168       0.3070       0.0661
       1.466      35.902       0.810       0.3005       0.0589
       1.466      59.259       0.511       0.2938       0.0955
       1.466      80.048       0.173       0.2928       0.1028
