# Glander et al., Eur. Phys. J. A 19, 251 (2004)

$vars: costhkcm_min & costhkcm_max & diffcs & /

$const: wlab_min 0.9111 (GeV) & wlab_max 0.9250 (GeV)

 0.0         0.1       0.024       0.038       0.038
 0.1         0.2       0.038       0.083       0.027
 0.2         0.3       0.024       0.033       0.033
 0.3         0.4       0.051       0.084       0.084
 0.4         0.5       0.018       0.066       0.066
 0.5         0.6       0.000       0.024       0.024
 0.6         0.7       0.015       0.022       0.022
 0.7         0.8       0.000       0.021       0.021
 0.8         0.9       0.009       0.013       0.013
 0.9         1.0       0.066       0.040       0.040

$const: wlab_min 0.9250 (GeV) & wlab_max 0.9500 (GeV)

 0.0         0.1       0.076       0.035       0.024
 0.1         0.2       0.038       0.049       0.018
 0.2         0.3       0.062       0.021       0.021
 0.3         0.4       0.062       0.022       0.020
 0.4         0.5       0.047       0.035       0.018
 0.5         0.6       0.082       0.035       0.023
 0.6         0.7       0.073       0.032       0.020
 0.7         0.8       0.070       0.017       0.017
 0.8         0.9       0.029       0.021       0.013
 0.9         1.0       0.026       0.030       0.013

$const: wlab_min 0.9500 (GeV) & wlab_max 0.9750 (GeV)

 0.0         0.1       0.111       0.029       0.023
 0.1         0.2       0.077       0.019       0.018
 0.2         0.3       0.117       0.027       0.022
 0.3         0.4       0.093       0.027       0.019
 0.4         0.5       0.108       0.036       0.020
 0.5         0.6       0.120       0.021       0.021
 0.6         0.7       0.084       0.028       0.016
 0.7         0.8       0.088       0.017       0.017
 0.8         0.9       0.092       0.017       0.017
 0.9         1.0       0.056       0.023       0.017

$const: wlab_min 0.9750 (GeV) & wlab_max 1.0000 (GeV)

 0.0         0.1       0.146       0.023       0.023
 0.1         0.2       0.167       0.032       0.025
 0.2         0.3       0.134       0.032       0.022
 0.3         0.4       0.163       0.034       0.023
 0.4         0.5       0.177       0.032       0.024
 0.5         0.6       0.141       0.031       0.020
 0.6         0.7       0.146       0.024       0.020
 0.7         0.8       0.130       0.018       0.018
 0.8         0.9       0.128       0.024       0.020
 0.9         1.0       0.090       0.019       0.019

$const: wlab_min 1.0000 (GeV) & wlab_max 1.0500 (GeV)

 0.0         0.1       0.190       0.038       0.018
 0.1         0.2       0.159       0.038       0.016
 0.2         0.3       0.211       0.018       0.018
 0.3         0.4       0.194       0.031       0.016
 0.4         0.5       0.215       0.016       0.016
 0.5         0.6       0.207       0.015       0.015
 0.6         0.7       0.190       0.015       0.015
 0.7         0.8       0.188       0.038       0.015
 0.8         0.9       0.223       0.018       0.018
 0.9         1.0       0.164       0.049       0.020

$const: wlab_min 1.0500 (GeV) & wlab_max 1.1000 (GeV)

 0.0         0.1       0.217       0.018       0.018
 0.1         0.2       0.214       0.022       0.017
 0.2         0.3       0.199       0.039       0.016
 0.3         0.4       0.235       0.017       0.017
 0.4         0.5       0.232       0.025       0.016
 0.5         0.6       0.257       0.016       0.016
 0.6         0.7       0.270       0.017       0.017
 0.7         0.8       0.313       0.020       0.020
 0.8         0.9       0.281       0.026       0.020
 0.9         1.0       0.294       0.034       0.027

$const: wlab_min 1.1000 (GeV) & wlab_max 1.1500 (GeV)

 0.0         0.1       0.148       0.013       0.013
 0.1         0.2       0.196       0.022       0.016
 0.2         0.3       0.184       0.014       0.014
 0.3         0.4       0.212       0.027       0.015
 0.4         0.5       0.226       0.016       0.015
 0.5         0.6       0.256       0.016       0.016
 0.6         0.7       0.276       0.036       0.018
 0.7         0.8       0.314       0.020       0.020
 0.8         0.9       0.310       0.023       0.021
 0.9         1.0       0.268       0.026       0.025

$const: wlab_min 1.1500 (GeV) & wlab_max 1.2000 (GeV)

 0.0         0.1       0.147       0.013       0.013
 0.1         0.2       0.131       0.026       0.012
 0.2         0.3       0.184       0.030       0.014
 0.3         0.4       0.218       0.015       0.015
 0.4         0.5       0.235       0.015       0.015
 0.5         0.6       0.263       0.022       0.016
 0.6         0.7       0.286       0.018       0.018
 0.7         0.8       0.295       0.019       0.019
 0.8         0.9       0.266       0.018       0.018
 0.9         1.0       0.221       0.026       0.022

$const: wlab_min 1.2000 (GeV) & wlab_max 1.2500 (GeV)

 0.0         0.1       0.164       0.030       0.014
 0.1         0.2       0.156       0.030       0.013
 0.2         0.3       0.188       0.018       0.014
 0.3         0.4       0.164       0.030       0.012
 0.4         0.5       0.230       0.031       0.014
 0.5         0.6       0.254       0.016       0.016
 0.6         0.7       0.248       0.021       0.016
 0.7         0.8       0.264       0.017       0.017
 0.8         0.9       0.252       0.018       0.018
 0.9         1.0       0.146       0.034       0.017

$const: wlab_min 1.2500 (GeV) & wlab_max 1.3000 (GeV)

 0.0         0.1       0.144       0.013       0.013
 0.1         0.2       0.185       0.023       0.015
 0.2         0.3       0.210       0.015       0.015
 0.3         0.4       0.193       0.017       0.013
 0.4         0.5       0.213       0.026       0.014
 0.5         0.6       0.245       0.024       0.016
 0.6         0.7       0.256       0.016       0.016
 0.7         0.8       0.230       0.016       0.016
 0.8         0.9       0.223       0.026       0.017
 0.9         1.0       0.219       0.030       0.022

$const: wlab_min 1.3000 (GeV) & wlab_max 1.3500 (GeV)

 0.0         0.1       0.118       0.021       0.012
 0.1         0.2       0.190       0.015       0.015
 0.2         0.3       0.201       0.033       0.015
 0.3         0.4       0.194       0.032       0.014
 0.4         0.5       0.229       0.017       0.015
 0.5         0.6       0.218       0.030       0.015
 0.6         0.7       0.245       0.025       0.017
 0.7         0.8       0.228       0.038       0.017
 0.8         0.9       0.226       0.039       0.018
 0.9         1.0       0.200       0.036       0.022

$const: wlab_min 1.3500 (GeV) & wlab_max 1.4000 (GeV)

 0.0         0.1       0.128       0.014       0.012
 0.1         0.2       0.164       0.014       0.014
 0.2         0.3       0.158       0.022       0.013
 0.3         0.4       0.187       0.036       0.013
 0.4         0.5       0.235       0.029       0.016
 0.5         0.6       0.240       0.040       0.016
 0.6         0.7       0.262       0.020       0.018
 0.7         0.8       0.256       0.024       0.019
 0.8         0.9       0.260       0.032       0.020
 0.9         1.0       0.195       0.037       0.022

$const: wlab_min 1.4000 (GeV) & wlab_max 1.4500 (GeV)

 0.0         0.1       0.131       0.013       0.013
 0.1         0.2       0.131       0.017       0.012
 0.2         0.3       0.166       0.013       0.013
 0.3         0.4       0.174       0.013       0.013
 0.4         0.5       0.211       0.031       0.015
 0.5         0.6       0.244       0.017       0.017
 0.6         0.7       0.241       0.024       0.017
 0.7         0.8       0.230       0.018       0.018
 0.8         0.9       0.235       0.032       0.020
 0.9         1.0       0.176       0.028       0.021

$const: wlab_min 1.4500 (GeV) & wlab_max 1.5000 (GeV)

 0.0         0.1       0.098       0.011       0.011
 0.1         0.2       0.139       0.013       0.013
 0.2         0.3       0.153       0.025       0.013
 0.3         0.4       0.175       0.020       0.013
 0.4         0.5       0.202       0.022       0.015
 0.5         0.6       0.239       0.025       0.017
 0.6         0.7       0.236       0.028       0.018
 0.7         0.8       0.233       0.028       0.019
 0.8         0.9       0.262       0.025       0.022
 0.9         1.0       0.240       0.039       0.027

$const: wlab_min 1.5000 (GeV) & wlab_max 1.5500 (GeV)

 0.0         0.1       0.122       0.013       0.013
 0.1         0.2       0.130       0.013       0.013
 0.2         0.3       0.142       0.023       0.012
 0.3         0.4       0.142       0.036       0.012
 0.4         0.5       0.204       0.015       0.015
 0.5         0.6       0.218       0.021       0.017
 0.6         0.7       0.266       0.020       0.020
 0.7         0.8       0.260       0.021       0.021
 0.8         0.9       0.277       0.025       0.024
 0.9         1.0       0.225       0.040       0.026

$const: wlab_min 1.5500 (GeV) & wlab_max 1.6000 (GeV)

 0.0         0.1       0.114       0.013       0.013
 0.1         0.2       0.130       0.028       0.013
 0.2         0.3       0.149       0.013       0.013
 0.3         0.4       0.164       0.014       0.014
 0.4         0.5       0.189       0.015       0.015
 0.5         0.6       0.212       0.042       0.017
 0.6         0.7       0.206       0.031       0.017
 0.7         0.8       0.251       0.036       0.021
 0.8         0.9       0.268       0.036       0.024
 0.9         1.0       0.212       0.031       0.027

$const: wlab_min 1.6000 (GeV) & wlab_max 1.6500 (GeV)

 0.0         0.1       0.088       0.029       0.011
 0.1         0.2       0.121       0.019       0.012
 0.2         0.3       0.113       0.019       0.011
 0.3         0.4       0.161       0.014       0.014
 0.4         0.5       0.190       0.027       0.016
 0.5         0.6       0.225       0.020       0.018
 0.6         0.7       0.200       0.017       0.017
 0.7         0.8       0.215       0.030       0.020
 0.8         0.9       0.262       0.044       0.025
 0.9         1.0       0.242       0.037       0.030

$const: wlab_min 1.6500 (GeV) & wlab_max 1.7000 (GeV)

 0.0         0.1       0.082       0.012       0.011
 0.1         0.2       0.093       0.012       0.011
 0.2         0.3       0.128       0.018       0.012
 0.3         0.4       0.156       0.014       0.014
 0.4         0.5       0.182       0.016       0.016
 0.5         0.6       0.202       0.018       0.018
 0.6         0.7       0.175       0.021       0.017
 0.7         0.8       0.241       0.022       0.022
 0.8         0.9       0.272       0.033       0.026
 0.9         1.0       0.248       0.057       0.032

$const: wlab_min 1.7000 (GeV) & wlab_max 1.7500 (GeV)

 0.0         0.1       0.062       0.010       0.010
 0.1         0.2       0.091       0.011       0.011
 0.2         0.3       0.089       0.028       0.010
 0.3         0.4       0.139       0.017       0.013
 0.4         0.5       0.163       0.024       0.015
 0.5         0.6       0.217       0.023       0.019
 0.6         0.7       0.232       0.020       0.020
 0.7         0.8       0.234       0.022       0.022
 0.8         0.9       0.191       0.056       0.022
 0.9         1.0       0.189       0.032       0.028

$const: wlab_min 1.7500 (GeV) & wlab_max 1.8000 (GeV)

 0.0         0.1       0.039       0.026       0.008
 0.1         0.2       0.088       0.011       0.011
 0.2         0.3       0.084       0.010       0.010
 0.3         0.4       0.121       0.022       0.012
 0.4         0.5       0.162       0.016       0.016
 0.5         0.6       0.183       0.036       0.017
 0.6         0.7       0.197       0.019       0.019
 0.7         0.8       0.215       0.028       0.023
 0.8         0.9       0.235       0.025       0.025
 0.9         1.0       0.262       0.035       0.035

$const: wlab_min 1.8000 (GeV) & wlab_max 1.8500 (GeV)

 0.0         0.1       0.070       0.012       0.011
 0.1         0.2       0.070       0.010       0.010
 0.2         0.3       0.100       0.013       0.011
 0.3         0.4       0.115       0.020       0.013
 0.4         0.5       0.145       0.018       0.015
 0.5         0.6       0.194       0.024       0.018
 0.6         0.7       0.212       0.021       0.021
 0.7         0.8       0.224       0.037       0.023
 0.8         0.9       0.210       0.045       0.025
 0.9         1.0       0.181       0.061       0.029

$const: wlab_min 1.8500 (GeV) & wlab_max 1.9000 (GeV)

 0.0         0.1       0.052       0.009       0.009
 0.1         0.2       0.054       0.009       0.009
 0.2         0.3       0.102       0.012       0.012
 0.3         0.4       0.111       0.025       0.013
 0.4         0.5       0.137       0.021       0.015
 0.5         0.6       0.206       0.020       0.020
 0.6         0.7       0.184       0.020       0.020
 0.7         0.8       0.257       0.025       0.025
 0.8         0.9       0.287       0.032       0.032
 0.9         1.0       0.176       0.027       0.027

$const: wlab_min 1.9000 (GeV) & wlab_max 1.9500 (GeV)

 0.0         0.1       0.033       0.013       0.008
 0.1         0.2       0.048       0.018       0.008
 0.2         0.3       0.058       0.027       0.009
 0.3         0.4       0.087       0.011       0.011
 0.4         0.5       0.152       0.017       0.017
 0.5         0.6       0.178       0.026       0.019
 0.6         0.7       0.197       0.021       0.021
 0.7         0.8       0.297       0.029       0.029
 0.8         0.9       0.239       0.033       0.029
 0.9         1.0       0.258       0.038       0.038

$const: wlab_min 1.9500 (GeV) & wlab_max 2.0000 (GeV)

 0.0         0.1       0.043       0.009       0.009
 0.1         0.2       0.032       0.007       0.007
 0.2         0.3       0.063       0.009       0.009
 0.3         0.4       0.104       0.027       0.013
 0.4         0.5       0.131       0.015       0.015
 0.5         0.6       0.143       0.017       0.017
 0.6         0.7       0.168       0.022       0.020
 0.7         0.8       0.280       0.030       0.030
 0.8         0.9       0.276       0.036       0.033
 0.9         1.0       0.242       0.053       0.037

$const: wlab_min 2.0000 (GeV) & wlab_max 2.0500 (GeV)

 0.0         0.1       0.034       0.011       0.008
 0.1         0.2       0.041       0.011       0.008
 0.2         0.3       0.056       0.009       0.009
 0.3         0.4       0.098       0.013       0.013
 0.4         0.5       0.134       0.016       0.016
 0.5         0.6       0.198       0.021       0.021
 0.6         0.7       0.184       0.028       0.022
 0.7         0.8       0.207       0.025       0.025
 0.8         0.9       0.257       0.033       0.033
 0.9         1.0       0.204       0.057       0.035

$const: wlab_min 2.0500 (GeV) & wlab_max 2.1000 (GeV)

 0.0         0.1       0.031       0.007       0.007
 0.1         0.2       0.051       0.015       0.009
 0.2         0.3       0.060       0.013       0.009
 0.3         0.4       0.087       0.012       0.012
 0.4         0.5       0.114       0.015       0.015
 0.5         0.6       0.128       0.030       0.016
 0.6         0.7       0.167       0.021       0.021
 0.7         0.8       0.188       0.024       0.024
 0.8         0.9       0.225       0.034       0.032
 0.9         1.0       0.225       0.037       0.037

$const: wlab_min 2.1000 (GeV) & wlab_max 2.1500 (GeV)

 0.0         0.1       0.022       0.016       0.007
 0.1         0.2       0.028       0.012       0.007
 0.2         0.3       0.061       0.010       0.010
 0.3         0.4       0.076       0.027       0.012
 0.4         0.5       0.114       0.023       0.016
 0.5         0.6       0.153       0.037       0.020
 0.6         0.7       0.187       0.078       0.024
 0.7         0.8       0.211       0.035       0.028
 0.8         0.9       0.264       0.045       0.034
 0.9         1.0       0.177       0.037       0.035

$const: wlab_min 2.1500 (GeV) & wlab_max 2.2000 (GeV)

 0.0         0.1       0.040       0.009       0.009
 0.1         0.2       0.044       0.008       0.008
 0.2         0.3       0.062       0.010       0.010
 0.3         0.4       0.065       0.011       0.011
 0.4         0.5       0.082       0.014       0.014
 0.5         0.6       0.132       0.018       0.018
 0.6         0.7       0.183       0.037       0.024
 0.7         0.8       0.256       0.124       0.033
 0.8         0.9       0.279       0.037       0.037
 0.9         1.0       0.249       0.050       0.042

$const: wlab_min 2.2000 (GeV) & wlab_max 2.2500 (GeV)

 0.0         0.1       0.024       0.008       0.007
 0.1         0.2       0.029       0.007       0.007
 0.2         0.3       0.055       0.012       0.010
 0.3         0.4       0.028       0.007       0.007
 0.4         0.5       0.058       0.017       0.012
 0.5         0.6       0.095       0.016       0.016
 0.6         0.7       0.161       0.022       0.022
 0.7         0.8       0.188       0.038       0.027
 0.8         0.9       0.270       0.038       0.038
 0.9         1.0       0.269       0.050       0.048

$const: wlab_min 2.2500 (GeV) & wlab_max 2.3000 (GeV)

 0.0         0.1       0.016       0.006       0.006
 0.1         0.2       0.030       0.007       0.007
 0.2         0.3       0.035       0.011       0.008
 0.3         0.4       0.039       0.009       0.009
 0.4         0.5       0.057       0.015       0.012
 0.5         0.6       0.134       0.020       0.020
 0.6         0.7       0.123       0.029       0.021
 0.7         0.8       0.245       0.033       0.033
 0.8         0.9       0.241       0.037       0.037
 0.9         1.0       0.134       0.065       0.032

$const: wlab_min 2.3000 (GeV) & wlab_max 2.3500 (GeV)

 0.0         0.1       0.014       0.005       0.005
 0.1         0.2       0.007       0.004       0.004
 0.2         0.3       0.034       0.023       0.008
 0.3         0.4       0.043       0.010       0.010
 0.4         0.5       0.102       0.016       0.016
 0.5         0.6       0.098       0.017       0.017
 0.6         0.7       0.115       0.047       0.020
 0.7         0.8       0.197       0.036       0.029
 0.8         0.9       0.290       0.060       0.040
 0.9         1.0       0.247       0.073       0.046

$const: wlab_min 2.3500 (GeV) & wlab_max 2.4000 (GeV)

 0.0         0.1       0.002       0.004       0.004
 0.1         0.2       0.025       0.017       0.007
 0.2         0.3       0.017       0.015       0.006
 0.3         0.4       0.046       0.019       0.010
 0.4         0.5       0.071       0.025       0.014
 0.5         0.6       0.120       0.020       0.020
 0.6         0.7       0.131       0.022       0.022
 0.7         0.8       0.215       0.033       0.033
 0.8         0.9       0.219       0.037       0.037
 0.9         1.0       0.208       0.055       0.044

$const: wlab_min 2.4000 (GeV) & wlab_max 2.4500 (GeV)

 0.0         0.1       0.013       0.010       0.006
 0.1         0.2       0.007       0.005       0.005
 0.2         0.3       0.015       0.006       0.006
 0.3         0.4       0.033       0.009       0.009
 0.4         0.5       0.026       0.017       0.009
 0.5         0.6       0.083       0.017       0.016
 0.6         0.7       0.095       0.051       0.019
 0.7         0.8       0.161       0.044       0.028
 0.8         0.9       0.210       0.123       0.038
 0.9         1.0       0.250       0.106       0.069

$const: wlab_min 2.4500 (GeV) & wlab_max 2.5000 (GeV)

 0.0         0.1       0.011       0.007       0.007
 0.1         0.2       0.014       0.010       0.007
 0.2         0.3       0.038       0.010       0.010
 0.3         0.4       0.021       0.012       0.008
 0.4         0.5       0.026       0.018       0.011
 0.5         0.6       0.122       0.025       0.025
 0.6         0.7       0.160       0.031       0.031
 0.7         0.8       0.286       0.082       0.052
 0.8         0.9       0.175       0.041       0.041
 0.9         1.0       0.192       0.052       0.052

$const: wlab_min 2.5000 (GeV) & wlab_max 2.5500 (GeV)

 0.0         0.1       0.010       0.007       0.007
 0.1         0.2       0.021       0.007       0.007
 0.2         0.3       0.007       0.007       0.005
 0.3         0.4       0.043       0.014       0.013
 0.4         0.5       0.055       0.016       0.016
 0.5         0.6       0.102       0.023       0.023
 0.6         0.7       0.117       0.069       0.027
 0.7         0.8       0.164       0.098       0.037
 0.8         0.9       0.145       0.088       0.044
 0.9         1.0       0.280       0.073       0.073

$const: wlab_min 2.5500 (GeV) & wlab_max 2.6000 (GeV)

 0.0         0.1       0.005       0.005       0.005
 0.1         0.2       0.009       0.005       0.005
 0.2         0.3       0.012       0.007       0.007
 0.3         0.4       0.028       0.011       0.011
 0.4         0.5       0.063       0.018       0.018
 0.5         0.6       0.063       0.019       0.019
 0.6         0.7       0.157       0.057       0.034
 0.7         0.8       0.152       0.037       0.037
 0.8         0.9       0.188       0.045       0.045
 0.9         1.0       0.063       0.124       0.034

