# Bradford et al., Phys. Rev. C 73, 035202 (2006) (K-Lambda)


$vars: wlab (GeV) & costhkcm & diffcs -sysErr:rel -dcos & / & / & /


# E_lab         cos    dcs(K+Λ)    err_stat     err_sys   dcs(K+Σ0)    err_stat     err_sys 
# -----        ----    --------    --------     -------   ---------    --------     -------
  0.944        0.00       0.320       0.093        0.08       0.000       0.000        0.00
  0.944        0.10       0.393       0.097        0.08       0.000       0.000        0.00
  0.944        0.20       0.636       0.144        0.08       0.000       0.000        0.00
  0.944        0.30       0.547       0.130        0.08       0.000       0.000        0.00
  0.944        0.40       0.532       0.134        0.08       0.000       0.000        0.00
  0.944        0.50       0.593       0.137        0.08       0.000       0.000        0.00
  0.944        0.60       0.406       0.101        0.08       0.000       0.000        0.00
  0.944        0.70       0.364       0.107        0.08       0.000       0.000        0.00
  0.944        0.80       0.000       0.000        0.00       0.000       0.000        0.00
  0.944        0.90       0.000       0.000        0.00       0.000       0.000        0.00
  0.969        0.00       0.582       0.088        0.08       0.000       0.000        0.00
  0.969        0.10       0.608       0.100        0.08       0.000       0.000        0.00
  0.969        0.20       0.797       0.122        0.08       0.000       0.000        0.00
  0.969        0.30       0.688       0.162        0.08       0.000       0.000        0.00
  0.969        0.40       0.721       0.093        0.08       0.000       0.000        0.00
  0.969        0.50       0.692       0.093        0.08       0.000       0.000        0.00
  0.969        0.60       0.728       0.097        0.08       0.000       0.000        0.00
  0.969        0.70       0.555       0.079        0.08       0.000       0.000        0.00
  0.969        0.80       0.775       0.105        0.08       0.000       0.000        0.00
  0.969        0.90       0.000       0.000        0.00       0.000       0.000        0.00
  0.994        0.00       0.561       0.073        0.08       0.000       0.000        0.00
  0.994        0.10       0.966       0.118        0.08       0.000       0.000        0.00
  0.994        0.20       0.882       0.114        0.08       0.000       0.000        0.00
  0.994        0.30       1.057       0.106        0.08       0.000       0.000        0.00
  0.994        0.40       0.804       0.084        0.08       0.000       0.000        0.00
  0.994        0.50       0.909       0.098        0.08       0.000       0.000        0.00
  0.994        0.60       1.071       0.116        0.08       0.000       0.000        0.00
  0.994        0.70       1.091       0.106        0.08       0.000       0.000        0.00
  0.994        0.80       0.974       0.104        0.08       0.000       0.000        0.00
  0.994        0.90       0.000       0.000        0.00       0.000       0.000        0.00
  1.019        0.00       0.879       0.109        0.08       0.000       0.000        0.00
  1.019        0.10       1.032       0.128        0.08       0.000       0.000        0.00
  1.019        0.20       1.106       0.138        0.08       0.000       0.000        0.00
  1.019        0.30       1.074       0.113        0.08       0.000       0.000        0.00
  1.019        0.40       0.945       0.105        0.08       0.000       0.000        0.00
  1.019        0.50       1.037       0.121        0.08       0.000       0.000        0.00
  1.019        0.60       1.295       0.134        0.08       0.000       0.000        0.00
  1.019        0.70       1.155       0.122        0.08       0.000       0.000        0.00
  1.019        0.80       1.232       0.143        0.08       0.000       0.000        0.00
  1.019        0.90       1.495       0.318        0.08       0.000       0.000        0.00
  1.044        0.00       0.843       0.076        0.08       0.000       0.000        0.00
  1.044        0.10       1.099       0.095        0.08       0.000       0.000        0.00
  1.044        0.20       1.093       0.093        0.08       0.000       0.000        0.00
  1.044        0.30       1.269       0.092        0.08       0.000       0.000        0.00
  1.044        0.40       1.245       0.095        0.08       0.000       0.000        0.00
  1.044        0.50       1.470       0.109        0.08       0.000       0.000        0.00
  1.044        0.60       1.396       0.105        0.08       0.000       0.000        0.00
  1.044        0.70       1.429       0.111        0.08       0.000       0.000        0.00
  1.044        0.80       1.501       0.130        0.08       0.000       0.000        0.00
  1.044        0.90       1.822       0.214        0.08       0.000       0.000        0.00
  1.069        0.00       0.961       0.079        0.08       0.000       0.000        0.00
  1.069        0.10       1.158       0.098        0.08       0.000       0.000        0.00
  1.069        0.20       1.256       0.098        0.08       0.000       0.000        0.00
  1.069        0.30       1.278       0.094        0.08       0.000       0.000        0.00
  1.069        0.40       1.427       0.103        0.08       0.000       0.000        0.00
  1.069        0.50       1.372       0.098        0.08       0.000       0.000        0.00
  1.069        0.60       1.620       0.114        0.08       0.000       0.000        0.00
  1.069        0.70       1.556       0.126        0.08       0.000       0.000        0.00
  1.069        0.80       1.772       0.138        0.08       0.000       0.000        0.00
  1.069        0.90       1.879       0.219        0.08       0.000       0.000        0.00
  1.094        0.00       0.936       0.068        0.08       0.265       0.070        0.08
  1.094        0.10       1.164       0.086        0.08       0.318       0.078        0.08
  1.094        0.20       1.237       0.086        0.08       0.317       0.075        0.08
  1.094        0.30       1.416       0.088        0.08       0.400       0.074        0.08
  1.094        0.40       1.410       0.088        0.08       0.268       0.058        0.08
  1.094        0.50       1.497       0.089        0.08       0.367       0.069        0.08
  1.094        0.60       1.641       0.100        0.08       0.397       0.079        0.08
  1.094        0.70       1.653       0.108        0.08       0.273       0.059        0.08
  1.094        0.80       1.889       0.127        0.08       0.241       0.101        0.08
  1.094        0.90       1.652       0.177        0.08       0.000       0.000        0.00
  1.119        0.00       1.054       0.089        0.08       0.502       0.107        0.08
  1.119        0.10       0.999       0.089        0.08       0.329       0.088        0.08
  1.119        0.20       1.209       0.099        0.08       0.407       0.087        0.08
  1.119        0.30       1.313       0.095        0.08       0.480       0.089        0.08
  1.119        0.40       1.419       0.104        0.08       0.407       0.078        0.08
  1.119        0.50       1.594       0.106        0.08       0.517       0.089        0.08
  1.119        0.60       1.598       0.113        0.08       0.445       0.078        0.08
  1.119        0.70       1.983       0.147        0.08       0.415       0.076        0.08
  1.119        0.80       2.205       0.159        0.08       0.416       0.091        0.08
  1.119        0.90       2.154       0.248        0.08       0.000       0.000        0.00
  1.144        0.00       1.068       0.066        0.08       0.521       0.071        0.08
  1.144        0.10       1.070       0.068        0.08       0.438       0.066        0.08
  1.144        0.20       1.336       0.076        0.08       0.467       0.058        0.08
  1.144        0.30       1.327       0.073        0.08       0.579       0.062        0.08
  1.144        0.40       1.659       0.085        0.08       0.674       0.071        0.08
  1.144        0.50       1.664       0.083        0.08       0.616       0.066        0.08
  1.144        0.60       1.674       0.091        0.08       0.592       0.062        0.08
  1.144        0.70       1.654       0.092        0.08       0.501       0.062        0.08
  1.144        0.80       1.913       0.110        0.08       0.591       0.075        0.08
  1.144        0.90       1.971       0.179        0.08       0.000       0.000        0.00
  1.169        0.00       0.938       0.063        0.08       0.591       0.077        0.08
  1.169        0.10       1.066       0.076        0.08       0.527       0.075        0.08
  1.169        0.20       1.137       0.074        0.08       0.622       0.072        0.08
  1.169        0.30       1.295       0.075        0.08       0.528       0.062        0.08
  1.169        0.40       1.599       0.089        0.08       0.765       0.081        0.08
  1.169        0.50       1.618       0.086        0.08       0.776       0.075        0.08
  1.169        0.60       1.755       0.098        0.08       0.552       0.057        0.08
  1.169        0.70       1.753       0.099        0.08       0.582       0.072        0.08
  1.169        0.80       1.703       0.108        0.08       0.849       0.093        0.08
  1.169        0.90       1.662       0.175        0.08       0.564       0.137        0.08
  1.194        0.00       1.040       0.067        0.08       0.587       0.071        0.08
  1.194        0.10       1.099       0.075        0.08       0.674       0.073        0.08
  1.194        0.20       1.280       0.073        0.08       0.746       0.070        0.08
  1.194        0.30       1.365       0.077        0.08       0.868       0.080        0.08
  1.194        0.40       1.584       0.081        0.08       0.782       0.071        0.08
  1.194        0.50       1.655       0.086        0.08       0.955       0.078        0.08
  1.194        0.60       1.748       0.094        0.08       0.822       0.078        0.08
  1.194        0.70       1.856       0.098        0.08       0.747       0.077        0.08
  1.194        0.80       1.997       0.116        0.08       0.791       0.079        0.08
  1.194        0.90       1.663       0.173        0.08       0.605       0.149        0.08
  1.219        0.00       0.992       0.060        0.08       0.692       0.068        0.08
  1.219        0.10       1.079       0.068        0.08       0.761       0.067        0.08
  1.219        0.20       1.164       0.063        0.08       0.869       0.068        0.08
  1.219        0.30       1.344       0.069        0.08       1.005       0.076        0.08
  1.219        0.40       1.574       0.077        0.08       0.942       0.069        0.08
  1.219        0.50       1.705       0.081        0.08       0.923       0.069        0.08
  1.219        0.60       1.685       0.086        0.08       0.889       0.061        0.08
  1.219        0.70       1.761       0.085        0.08       1.009       0.087        0.08
  1.219        0.80       2.002       0.113        0.08       0.809       0.072        0.08
  1.219        0.90       2.084       0.190        0.08       0.609       0.116        0.08
  1.244        0.00       1.020       0.057        0.08       0.820       0.067        0.08
  1.244        0.10       1.090       0.062        0.08       0.979       0.071        0.08
  1.244        0.20       1.243       0.061        0.08       1.131       0.076        0.08
  1.244        0.30       1.377       0.068        0.08       1.140       0.077        0.08
  1.244        0.40       1.621       0.071        0.08       1.188       0.065        0.08
  1.244        0.50       1.672       0.076        0.08       1.003       0.062        0.08
  1.244        0.60       1.704       0.077        0.08       0.952       0.062        0.08
  1.244        0.70       1.939       0.087        0.08       0.986       0.074        0.08
  1.244        0.80       1.993       0.106        0.08       0.954       0.070        0.08
  1.244        0.90       1.861       0.161        0.08       0.714       0.111        0.08
  1.269        0.00       0.914       0.048        0.08       1.058       0.072        0.08
  1.269        0.10       1.188       0.061        0.08       1.194       0.073        0.08
  1.269        0.20       1.256       0.058        0.08       1.226       0.072        0.08
  1.269        0.30       1.617       0.072        0.08       1.156       0.067        0.08
  1.269        0.40       1.656       0.070        0.08       1.137       0.064        0.08
  1.269        0.50       1.560       0.068        0.08       1.103       0.066        0.08
  1.269        0.60       1.679       0.078        0.08       1.133       0.077        0.08
  1.269        0.70       1.699       0.070        0.08       1.057       0.061        0.08
  1.269        0.80       1.989       0.102        0.08       0.906       0.067        0.08
  1.269        0.90       2.093       0.194        0.08       0.843       0.108        0.08
  1.294        0.00       1.120       0.074        0.08       1.178       0.100        0.08
  1.294        0.10       1.246       0.081        0.08       1.312       0.103        0.08
  1.294        0.20       1.209       0.071        0.08       1.471       0.100        0.08
  1.294        0.30       1.604       0.090        0.08       1.442       0.100        0.08
  1.294        0.40       1.544       0.081        0.08       1.500       0.097        0.08
  1.294        0.50       1.759       0.090        0.08       1.174       0.084        0.08
  1.294        0.60       1.722       0.092        0.08       1.448       0.098        0.08
  1.294        0.70       1.916       0.097        0.08       1.127       0.085        0.08
  1.294        0.80       1.910       0.120        0.08       1.124       0.080        0.08
  1.294        0.90       1.675       0.166        0.08       0.986       0.149        0.08
  1.320        0.00       1.049       0.066        0.08       1.544       0.110        0.08
  1.320        0.10       1.235       0.079        0.08       1.406       0.099        0.08
  1.320        0.20       1.286       0.070        0.08       1.474       0.093        0.08
  1.320        0.30       1.464       0.080        0.08       1.746       0.112        0.08
  1.320        0.40       1.739       0.088        0.08       1.482       0.089        0.08
  1.320        0.50       1.806       0.094        0.08       1.569       0.099        0.08
  1.320        0.60       1.925       0.095        0.08       1.321       0.087        0.08
  1.320        0.70       1.918       0.088        0.08       1.353       0.086        0.08
  1.320        0.80       1.898       0.116        0.08       1.142       0.096        0.08
  1.320        0.90       1.777       0.163        0.08       1.185       0.158        0.08
  1.345        0.00       1.054       0.058        0.08       1.437       0.088        0.08
  1.345        0.10       1.072       0.063        0.08       1.564       0.093        0.08
  1.345        0.20       1.327       0.064        0.08       1.607       0.086        0.08
  1.345        0.30       1.381       0.067        0.08       1.583       0.087        0.08
  1.345        0.40       1.431       0.065        0.08       1.651       0.083        0.08
  1.345        0.50       1.696       0.078        0.08       1.631       0.084        0.08
  1.345        0.60       1.807       0.080        0.08       1.620       0.090        0.08
  1.345        0.70       1.849       0.083        0.08       1.366       0.079        0.08
  1.345        0.80       1.742       0.094        0.08       1.017       0.075        0.08
  1.345        0.90       1.694       0.142        0.08       1.051       0.120        0.08
  1.370        0.00       1.096       0.053        0.08       1.711       0.090        0.08
  1.370        0.10       1.236       0.063        0.08       1.733       0.091        0.08
  1.370        0.20       1.375       0.061        0.08       1.947       0.090        0.08
  1.370        0.30       1.423       0.066        0.08       1.858       0.089        0.08
  1.370        0.40       1.566       0.061        0.08       1.736       0.074        0.08
  1.370        0.50       1.576       0.066        0.08       1.847       0.083        0.08
  1.370        0.60       1.789       0.073        0.08       1.741       0.086        0.08
  1.370        0.70       1.883       0.077        0.08       1.491       0.076        0.08
  1.370        0.80       1.792       0.087        0.08       1.282       0.076        0.08
  1.370        0.90       1.807       0.135        0.08       1.007       0.104        0.08
  1.395        0.00       1.036       0.047        0.08       1.680       0.079        0.08
  1.395        0.10       1.118       0.050        0.08       1.739       0.077        0.08
  1.395        0.20       1.300       0.052        0.08       1.773       0.072        0.08
  1.395        0.30       1.469       0.058        0.08       1.823       0.078        0.08
  1.395        0.40       1.540       0.053        0.08       1.789       0.066        0.08
  1.395        0.50       1.666       0.065        0.08       1.829       0.081        0.08
  1.395        0.60       1.598       0.059        0.08       1.669       0.074        0.08
  1.395        0.70       1.732       0.063        0.08       1.519       0.064        0.08
  1.395        0.80       1.847       0.085        0.08       1.468       0.087        0.08
  1.395        0.90       1.862       0.130        0.08       1.053       0.091        0.08
  1.421        0.00       0.937       0.060        0.08       1.938       0.115        0.08
  1.421        0.10       1.288       0.074        0.08       1.651       0.089        0.08
  1.421        0.20       1.379       0.072        0.08       2.096       0.108        0.08
  1.421        0.30       1.396       0.073        0.08       1.961       0.105        0.08
  1.421        0.40       1.563       0.077        0.08       1.729       0.091        0.08
  1.421        0.50       1.632       0.077        0.08       1.996       0.101        0.08
  1.421        0.60       1.694       0.083        0.08       1.626       0.091        0.08
  1.421        0.70       1.867       0.087        0.08       1.498       0.090        0.08
  1.421        0.80       1.707       0.099        0.08       1.435       0.110        0.08
  1.421        0.90       1.938       0.168        0.08       1.437       0.148        0.08
  1.446        0.00       0.934       0.045        0.08       1.710       0.078        0.08
  1.446        0.10       1.117       0.053        0.08       1.747       0.077        0.08
  1.446        0.20       1.115       0.047        0.08       1.770       0.072        0.08
  1.446        0.30       1.308       0.053        0.08       1.833       0.075        0.08
  1.446        0.40       1.461       0.057        0.08       1.763       0.072        0.08
  1.446        0.50       1.670       0.061        0.08       1.859       0.073        0.08
  1.446        0.60       1.678       0.062        0.08       1.484       0.064        0.08
  1.446        0.70       1.834       0.072        0.08       1.475       0.069        0.08
  1.446        0.80       1.953       0.083        0.08       1.298       0.081        0.08
  1.446        0.90       2.105       0.137        0.08       1.229       0.108        0.08
  1.471        0.00       0.829       0.039        0.08       1.493       0.068        0.08
  1.471        0.10       1.037       0.047        0.08       1.638       0.066        0.08
  1.471        0.20       1.155       0.046        0.08       1.736       0.070        0.08
  1.471        0.30       1.353       0.052        0.08       1.785       0.070        0.08
  1.471        0.40       1.440       0.051        0.08       1.574       0.062        0.08
  1.471        0.50       1.627       0.062        0.08       1.584       0.064        0.08
  1.471        0.60       1.787       0.060        0.08       1.452       0.062        0.08
  1.471        0.70       1.950       0.073        0.08       1.382       0.063        0.08
  1.471        0.80       1.949       0.082        0.08       1.265       0.068        0.08
  1.471        0.90       2.087       0.129        0.08       0.964       0.086        0.08
  1.496        0.00       0.770       0.042        0.08       1.377       0.068        0.08
  1.496        0.10       1.058       0.051        0.08       1.582       0.069        0.08
  1.496        0.20       1.112       0.047        0.08       1.705       0.071        0.08
  1.496        0.30       1.375       0.056        0.08       1.698       0.071        0.08
  1.496        0.40       1.521       0.058        0.08       1.582       0.066        0.08
  1.496        0.50       1.623       0.063        0.08       1.557       0.060        0.08
  1.496        0.60       1.821       0.064        0.08       1.470       0.063        0.08
  1.496        0.70       1.948       0.073        0.08       1.138       0.058        0.08
  1.496        0.80       2.043       0.088        0.08       1.265       0.073        0.08
  1.496        0.90       1.995       0.129        0.08       0.997       0.094        0.08
  1.521        0.00       0.883       0.044        0.08       1.514       0.070        0.08
  1.521        0.10       0.985       0.044        0.08       1.521       0.063        0.08
  1.521        0.20       1.101       0.046        0.08       1.649       0.067        0.08
  1.521        0.30       1.369       0.054        0.08       1.543       0.064        0.08
  1.521        0.40       1.463       0.056        0.08       1.525       0.063        0.08
  1.521        0.50       1.604       0.059        0.08       1.437       0.059        0.08
  1.521        0.60       1.829       0.062        0.08       1.381       0.057        0.08
  1.521        0.70       1.901       0.074        0.08       1.211       0.059        0.08
  1.521        0.80       2.104       0.085        0.08       1.361       0.070        0.08
  1.521        0.90       2.287       0.144        0.08       1.199       0.096        0.08
  1.546        0.00       0.753       0.039        0.08       1.367       0.064        0.08
  1.546        0.10       0.846       0.041        0.08       1.383       0.059        0.08
  1.546        0.20       1.085       0.047        0.08       1.624       0.067        0.08
  1.546        0.30       1.266       0.051        0.08       1.480       0.060        0.08
  1.546        0.40       1.409       0.051        0.08       1.405       0.055        0.08
  1.546        0.50       1.489       0.055        0.08       1.319       0.057        0.08
  1.546        0.60       1.688       0.060        0.08       1.408       0.060        0.08
  1.546        0.70       1.789       0.069        0.08       1.288       0.062        0.08
  1.546        0.80       2.040       0.084        0.08       1.271       0.070        0.08
  1.546        0.90       2.022       0.121        0.08       1.055       0.087        0.08
  1.571        0.00       0.671       0.033        0.08       1.232       0.055        0.08
  1.571        0.10       0.870       0.039        0.08       1.364       0.056        0.08
  1.571        0.20       0.998       0.040        0.08       1.366       0.055        0.08
  1.571        0.30       1.217       0.047        0.08       1.553       0.061        0.08
  1.571        0.40       1.341       0.051        0.08       1.400       0.057        0.08
  1.571        0.50       1.546       0.054        0.08       1.372       0.053        0.08
  1.571        0.60       1.749       0.061        0.08       1.289       0.052        0.08
  1.571        0.70       1.735       0.065        0.08       1.303       0.059        0.08
  1.571        0.80       2.030       0.080        0.08       1.339       0.068        0.08
  1.571        0.90       2.370       0.130        0.08       0.995       0.083        0.08
  1.596        0.00       0.552       0.031        0.08       1.035       0.049        0.08
  1.596        0.10       0.758       0.034        0.08       1.212       0.051        0.08
  1.596        0.20       0.912       0.037        0.08       1.260       0.051        0.08
  1.596        0.30       1.085       0.042        0.08       1.310       0.053        0.08
  1.596        0.40       1.294       0.047        0.08       1.212       0.045        0.08
  1.596        0.50       1.404       0.050        0.08       1.220       0.050        0.08
  1.596        0.60       1.511       0.052        0.08       1.302       0.049        0.08
  1.596        0.70       1.683       0.062        0.08       1.309       0.060        0.08
  1.596        0.80       1.915       0.078        0.08       1.260       0.067        0.08
  1.596        0.90       1.935       0.111        0.08       1.076       0.083        0.08
  1.621        0.00       0.568       0.031        0.08       0.971       0.048        0.08
  1.621        0.10       0.761       0.035        0.08       1.130       0.047        0.08
  1.621        0.20       0.950       0.040        0.08       1.263       0.051        0.08
  1.621        0.30       1.084       0.042        0.08       1.368       0.053        0.08
  1.621        0.40       1.353       0.049        0.08       1.324       0.049        0.08
  1.621        0.50       1.413       0.053        0.08       1.237       0.053        0.08
  1.621        0.60       1.532       0.053        0.08       1.169       0.047        0.08
  1.621        0.70       1.812       0.071        0.08       1.224       0.058        0.08
  1.621        0.80       1.761       0.072        0.08       1.085       0.057        0.08
  1.621        0.90       1.832       0.104        0.08       1.090       0.086        0.08
  1.647        0.00       0.470       0.035        0.08       1.013       0.057        0.08
  1.647        0.10       0.650       0.036        0.08       0.995       0.048        0.08
  1.647        0.20       0.926       0.044        0.08       1.038       0.050        0.08
  1.647        0.30       1.063       0.047        0.08       1.233       0.055        0.08
  1.647        0.40       1.231       0.053        0.08       1.188       0.056        0.08
  1.647        0.50       1.417       0.058        0.08       1.148       0.054        0.08
  1.647        0.60       1.494       0.058        0.08       1.274       0.058        0.08
  1.647        0.70       1.704       0.072        0.08       1.218       0.065        0.08
  1.647        0.80       1.737       0.075        0.08       1.309       0.073        0.08
  1.647        0.90       1.905       0.116        0.08       1.211       0.105        0.08
  1.672        0.00       0.573       0.030        0.08       0.941       0.046        0.08
  1.672        0.10       0.652       0.031        0.08       0.987       0.043        0.08
  1.672        0.20       0.826       0.035        0.08       1.146       0.046        0.08
  1.672        0.30       1.047       0.040        0.08       1.056       0.044        0.08
  1.672        0.40       1.213       0.046        0.08       1.182       0.046        0.08
  1.672        0.50       1.336       0.048        0.08       1.252       0.050        0.08
  1.672        0.60       1.451       0.053        0.08       1.169       0.048        0.08
  1.672        0.70       1.509       0.059        0.08       1.304       0.061        0.08
  1.672        0.80       1.644       0.068        0.08       1.302       0.067        0.08
  1.672        0.90       1.871       0.108        0.08       1.162       0.083        0.08
  1.698        0.00       0.456       0.028        0.08       0.872       0.043        0.08
  1.698        0.10       0.612       0.030        0.08       0.981       0.042        0.08
  1.698        0.20       0.792       0.036        0.08       1.063       0.046        0.08
  1.698        0.30       0.955       0.039        0.08       1.075       0.044        0.08
  1.698        0.40       1.211       0.049        0.08       1.120       0.050        0.08
  1.698        0.50       1.314       0.048        0.08       1.214       0.050        0.08
  1.698        0.60       1.439       0.054        0.08       1.187       0.050        0.08
  1.698        0.70       1.583       0.064        0.08       1.364       0.062        0.08
  1.698        0.80       1.738       0.071        0.08       1.229       0.063        0.08
  1.698        0.90       1.818       0.103        0.08       1.135       0.083        0.08
  1.723        0.00       0.437       0.027        0.08       0.801       0.040        0.08
  1.723        0.10       0.566       0.028        0.08       0.824       0.036        0.08
  1.723        0.20       0.760       0.034        0.08       0.996       0.044        0.08
  1.723        0.30       0.993       0.040        0.08       1.155       0.047        0.08
  1.723        0.40       1.042       0.040        0.08       1.108       0.044        0.08
  1.723        0.50       1.303       0.048        0.08       1.180       0.048        0.08
  1.723        0.60       1.480       0.054        0.08       1.233       0.052        0.08
  1.723        0.70       1.674       0.067        0.08       1.421       0.065        0.08
  1.723        0.80       1.807       0.073        0.08       1.384       0.069        0.08
  1.723        0.90       1.617       0.097        0.08       1.115       0.085        0.08
  1.748        0.00       0.377       0.026        0.08       0.776       0.041        0.08
  1.748        0.10       0.572       0.029        0.08       0.834       0.037        0.08
  1.748        0.20       0.745       0.033        0.08       0.923       0.041        0.08
  1.748        0.30       1.005       0.041        0.08       1.061       0.045        0.08
  1.748        0.40       1.116       0.047        0.08       1.181       0.051        0.08
  1.748        0.50       1.295       0.047        0.08       1.192       0.048        0.08
  1.748        0.60       1.497       0.056        0.08       1.223       0.050        0.08
  1.748        0.70       1.610       0.065        0.08       1.424       0.066        0.08
  1.748        0.80       1.693       0.071        0.08       1.394       0.069        0.08
  1.748        0.90       1.917       0.108        0.08       1.289       0.098        0.08
  1.774        0.00       0.391       0.026        0.08       0.671       0.037        0.08
  1.774        0.10       0.543       0.028        0.08       0.830       0.040        0.08
  1.774        0.20       0.737       0.034        0.08       0.905       0.041        0.08
  1.774        0.30       0.922       0.039        0.08       1.020       0.044        0.08
  1.774        0.40       1.188       0.049        0.08       1.026       0.046        0.08
  1.774        0.50       1.310       0.051        0.08       1.193       0.050        0.08
  1.774        0.60       1.507       0.056        0.08       1.281       0.052        0.08
  1.774        0.70       1.685       0.068        0.08       1.329       0.062        0.08
  1.774        0.80       1.720       0.070        0.08       1.370       0.069        0.08
  1.774        0.90       1.921       0.106        0.11       1.257       0.092        0.11
  1.799        0.00       0.381       0.027        0.08       0.708       0.039        0.08
  1.799        0.10       0.549       0.029        0.08       0.782       0.039        0.08
  1.799        0.20       0.679       0.035        0.08       0.909       0.043        0.08
  1.799        0.30       0.824       0.038        0.08       0.916       0.043        0.08
  1.799        0.40       0.996       0.046        0.08       1.031       0.049        0.08
  1.799        0.50       1.185       0.048        0.08       1.094       0.049        0.08
  1.799        0.60       1.424       0.059        0.08       1.139       0.055        0.08
  1.799        0.70       1.599       0.069        0.08       1.360       0.069        0.08
  1.799        0.80       1.664       0.074        0.08       1.411       0.075        0.08
  1.799        0.90       1.919       0.115        0.11       1.231       0.098        0.11
  1.824        0.00       0.363       0.026        0.08       0.575       0.033        0.08
  1.824        0.10       0.507       0.028        0.08       0.765       0.036        0.08
  1.824        0.20       0.643       0.033        0.08       0.818       0.040        0.08
  1.824        0.30       0.905       0.040        0.08       0.946       0.043        0.08
  1.824        0.40       1.005       0.042        0.08       1.022       0.046        0.08
  1.824        0.50       1.205       0.047        0.08       1.168       0.050        0.08
  1.824        0.60       1.422       0.059        0.08       1.126       0.052        0.08
  1.824        0.70       1.643       0.064        0.08       1.216       0.055        0.08
  1.824        0.80       1.640       0.069        0.08       1.441       0.070        0.08
  1.824        0.90       1.868       0.109        0.11       1.326       0.099        0.11
  1.849        0.00       0.326       0.023        0.08       0.578       0.032        0.08
  1.849        0.10       0.491       0.026        0.08       0.683       0.034        0.08
  1.849        0.20       0.602       0.031        0.08       0.779       0.038        0.08
  1.849        0.30       0.732       0.034        0.08       0.871       0.040        0.08
  1.849        0.40       0.930       0.042        0.08       1.033       0.047        0.08
  1.849        0.50       1.220       0.045        0.08       1.050       0.044        0.08
  1.849        0.60       1.391       0.058        0.08       1.200       0.055        0.08
  1.849        0.70       1.690       0.070        0.08       1.215       0.061        0.08
  1.849        0.80       1.670       0.066        0.08       1.320       0.062        0.08
  1.849        0.90       1.925       0.119        0.11       1.077       0.088        0.11
  1.875        0.00       0.341       0.032        0.08       0.593       0.044        0.08
  1.875        0.10       0.436       0.031        0.08       0.651       0.041        0.08
  1.875        0.20       0.531       0.035        0.08       0.762       0.048        0.08
  1.875        0.30       0.725       0.044        0.08       0.856       0.053        0.08
  1.875        0.40       0.958       0.056        0.08       1.038       0.063        0.08
  1.875        0.50       1.151       0.059        0.08       1.163       0.064        0.08
  1.875        0.60       1.456       0.078        0.08       1.250       0.076        0.08
  1.875        0.70       1.675       0.090        0.08       1.480       0.090        0.08
  1.875        0.80       1.770       0.095        0.08       1.319       0.087        0.08
  1.875        0.90       1.766       0.131        0.11       1.171       0.127        0.11
  1.900        0.00       0.260       0.022        0.08       0.519       0.032        0.08
  1.900        0.10       0.450       0.026        0.08       0.601       0.032        0.08
  1.900        0.20       0.565       0.031        0.08       0.808       0.041        0.08
  1.900        0.30       0.718       0.035        0.08       0.812       0.040        0.08
  1.900        0.40       0.866       0.041        0.08       0.992       0.048        0.08
  1.900        0.50       1.095       0.047        0.08       1.035       0.046        0.08
  1.900        0.60       1.325       0.059        0.08       1.264       0.061        0.08
  1.900        0.70       1.590       0.070        0.08       1.220       0.064        0.08
  1.900        0.80       1.739       0.074        0.08       1.209       0.061        0.08
  1.900        0.90       1.777       0.108        0.11       0.988       0.089        0.11
  1.925        0.00       0.266       0.023        0.08       0.500       0.031        0.08
  1.925        0.10       0.415       0.024        0.08       0.623       0.032        0.08
  1.925        0.20       0.570       0.031        0.08       0.708       0.036        0.08
  1.925        0.30       0.736       0.036        0.08       0.807       0.040        0.08
  1.925        0.40       0.895       0.041        0.08       0.884       0.042        0.08
  1.925        0.50       1.075       0.044        0.08       1.002       0.045        0.08
  1.925        0.60       1.238       0.058        0.08       1.200       0.061        0.08
  1.925        0.70       1.615       0.069        0.08       1.171       0.060        0.08
  1.925        0.80       1.747       0.070        0.08       1.272       0.062        0.08
  1.925        0.90       1.628       0.098        0.11       1.093       0.086        0.11
  1.950        0.00       0.302       0.023        0.08       0.520       0.030        0.08
  1.950        0.10       0.394       0.023        0.08       0.589       0.030        0.08
  1.950        0.20       0.511       0.027        0.08       0.645       0.032        0.08
  1.950        0.30       0.627       0.031        0.08       0.759       0.037        0.08
  1.950        0.40       0.781       0.037        0.08       0.857       0.040        0.08
  1.950        0.50       1.105       0.044        0.08       1.015       0.043        0.08
  1.950        0.60       1.302       0.055        0.08       1.149       0.054        0.08
  1.950        0.70       1.510       0.066        0.08       1.286       0.062        0.08
  1.950        0.80       1.674       0.069        0.08       1.329       0.069        0.08
  1.950        0.90       1.633       0.098        0.11       0.931       0.085        0.11
  1.975        0.00       0.225       0.020        0.08       0.431       0.028        0.08
  1.975        0.10       0.297       0.020        0.08       0.525       0.028        0.08
  1.975        0.20       0.472       0.026        0.08       0.645       0.033        0.08
  1.975        0.30       0.650       0.032        0.08       0.764       0.037        0.08
  1.975        0.40       0.793       0.036        0.08       0.764       0.037        0.08
  1.975        0.50       1.014       0.043        0.08       0.977       0.043        0.08
  1.975        0.60       1.163       0.055        0.08       1.075       0.057        0.08
  1.975        0.70       1.528       0.066        0.08       1.287       0.064        0.08
  1.975        0.80       1.568       0.067        0.08       1.092       0.062        0.08
  1.975        0.90       1.805       0.101        0.11       0.839       0.072        0.11
  2.001        0.00       0.242       0.020        0.08       0.389       0.025        0.08
  2.001        0.10       0.322       0.021        0.08       0.556       0.030        0.08
  2.001        0.20       0.433       0.025        0.08       0.601       0.031        0.08
  2.001        0.30       0.542       0.028        0.08       0.719       0.035        0.08
  2.001        0.40       0.745       0.035        0.08       0.766       0.038        0.08
  2.001        0.50       1.021       0.045        0.08       0.845       0.041        0.08
  2.001        0.60       1.207       0.054        0.08       1.104       0.054        0.08
  2.001        0.70       1.462       0.066        0.08       1.211       0.063        0.08
  2.001        0.80       1.570       0.070        0.08       1.059       0.061        0.08
  2.001        0.90       1.789       0.102        0.11       0.932       0.078        0.11
  2.026        0.00       0.190       0.018        0.08       0.417       0.026        0.08
  2.026        0.10       0.264       0.020        0.08       0.425       0.025        0.08
  2.026        0.20       0.436       0.025        0.08       0.574       0.030        0.08
  2.026        0.30       0.571       0.029        0.08       0.629       0.032        0.08
  2.026        0.40       0.755       0.035        0.08       0.771       0.038        0.08
  2.026        0.50       0.881       0.041        0.08       0.843       0.041        0.08
  2.026        0.60       1.249       0.054        0.08       1.159       0.055        0.08
  2.026        0.70       1.592       0.071        0.08       1.224       0.062        0.08
  2.026        0.80       1.654       0.073        0.08       1.065       0.064        0.08
  2.026        0.90       1.761       0.105        0.11       1.025       0.096        0.11
  2.051        0.00       0.189       0.019        0.08       0.338       0.025        0.08
  2.051        0.10       0.321       0.023        0.08       0.461       0.028        0.08
  2.051        0.20       0.358       0.023        0.08       0.536       0.029        0.08
  2.051        0.30       0.473       0.028        0.08       0.593       0.033        0.08
  2.051        0.40       0.687       0.034        0.08       0.864       0.041        0.08
  2.051        0.50       0.893       0.040        0.08       0.848       0.042        0.08
  2.051        0.60       1.138       0.052        0.08       1.062       0.054        0.08
  2.051        0.70       1.459       0.068        0.08       1.228       0.067        0.08
  2.051        0.80       1.600       0.073        0.08       1.077       0.062        0.08
  2.051        0.90       1.665       0.109        0.11       0.937       0.089        0.11
  2.076        0.00       0.174       0.018        0.08       0.304       0.023        0.08
  2.076        0.10       0.274       0.021        0.08       0.440       0.028        0.08
  2.076        0.20       0.368       0.025        0.08       0.517       0.031        0.08
  2.076        0.30       0.499       0.030        0.08       0.610       0.035        0.08
  2.076        0.40       0.678       0.036        0.08       0.672       0.036        0.08
  2.076        0.50       0.834       0.035        0.08       0.875       0.040        0.08
  2.076        0.60       1.022       0.049        0.08       1.032       0.055        0.08
  2.076        0.70       1.354       0.067        0.08       1.235       0.068        0.08
  2.076        0.80       1.636       0.070        0.08       1.066       0.060        0.08
  2.076        0.90       1.859       0.113        0.11       0.938       0.091        0.11
  2.101        0.00       0.178       0.017        0.08       0.292       0.023        0.08
  2.101        0.10       0.239       0.020        0.08       0.454       0.028        0.08
  2.101        0.20       0.322       0.022        0.08       0.496       0.029        0.08
  2.101        0.30       0.463       0.027        0.08       0.591       0.033        0.08
  2.101        0.40       0.585       0.032        0.08       0.653       0.035        0.08
  2.101        0.50       0.823       0.037        0.08       0.897       0.042        0.08
  2.101        0.60       1.039       0.049        0.08       1.022       0.054        0.08
  2.101        0.70       1.362       0.065        0.08       1.152       0.063        0.08
  2.101        0.80       1.581       0.069        0.08       1.068       0.059        0.08
  2.101        0.90       1.693       0.101        0.11       0.841       0.080        0.11
  2.126        0.00       0.180       0.018        0.08       0.255       0.022        0.08
  2.126        0.10       0.225       0.020        0.08       0.376       0.026        0.08
  2.126        0.20       0.364       0.025        0.08       0.483       0.029        0.08
  2.126        0.30       0.369       0.025        0.08       0.548       0.034        0.08
  2.126        0.40       0.611       0.032        0.08       0.690       0.037        0.08
  2.126        0.50       0.839       0.040        0.08       0.823       0.041        0.08
  2.126        0.60       1.053       0.051        0.08       1.012       0.053        0.08
  2.126        0.70       1.250       0.063        0.08       1.090       0.064        0.08
  2.126        0.80       1.710       0.076        0.08       1.115       0.065        0.08
  2.126        0.90       1.754       0.112        0.11       1.272       0.111        0.11
  2.151        0.00       0.138       0.016        0.08       0.259       0.020        0.08
  2.151        0.10       0.166       0.017        0.08       0.292       0.022        0.08
  2.151        0.20       0.306       0.022        0.08       0.401       0.026        0.08
  2.151        0.30       0.384       0.024        0.08       0.501       0.029        0.08
  2.151        0.40       0.533       0.029        0.08       0.563       0.030        0.08
  2.151        0.50       0.778       0.036        0.08       0.770       0.038        0.08
  2.151        0.60       0.958       0.047        0.08       0.965       0.049        0.08
  2.151        0.70       1.421       0.065        0.08       1.167       0.063        0.08
  2.151        0.80       1.589       0.071        0.08       1.000       0.060        0.08
  2.151        0.90       1.664       0.104        0.11       0.969       0.098        0.11
  2.177        0.00       0.180       0.020        0.08       0.305       0.026        0.08
  2.177        0.10       0.172       0.021        0.08       0.318       0.028        0.08
  2.177        0.20       0.295       0.025        0.08       0.412       0.031        0.08
  2.177        0.30       0.380       0.029        0.08       0.515       0.037        0.08
  2.177        0.40       0.494       0.033        0.08       0.610       0.037        0.08
  2.177        0.50       0.741       0.042        0.08       0.789       0.044        0.08
  2.177        0.60       1.003       0.056        0.08       1.069       0.063        0.08
  2.177        0.70       1.298       0.071        0.08       1.066       0.070        0.08
  2.177        0.80       1.491       0.078        0.08       1.085       0.070        0.08
  2.177        0.90       1.767       0.128        0.11       1.259       0.130        0.11
  2.202        0.00       0.161       0.017        0.08       0.261       0.022        0.08
  2.202        0.10       0.152       0.019        0.08       0.316       0.026        0.08
  2.202        0.20       0.273       0.024        0.08       0.400       0.029        0.08
  2.202        0.30       0.385       0.029        0.08       0.461       0.031        0.08
  2.202        0.40       0.486       0.029        0.08       0.617       0.036        0.08
  2.202        0.50       0.659       0.040        0.08       0.735       0.044        0.08
  2.202        0.60       0.968       0.051        0.08       1.059       0.062        0.08
  2.202        0.70       1.279       0.067        0.08       0.982       0.061        0.08
  2.202        0.80       1.680       0.083        0.08       1.021       0.067        0.08
  2.202        0.90       1.617       0.110        0.11       0.880       0.098        0.11
  2.227        0.00       0.149       0.016        0.08       0.250       0.021        0.08
  2.227        0.10       0.165       0.018        0.08       0.260       0.022        0.08
  2.227        0.20       0.196       0.020        0.08       0.350       0.025        0.08
  2.227        0.30       0.369       0.026        0.08       0.441       0.029        0.08
  2.227        0.40       0.464       0.028        0.08       0.580       0.033        0.08
  2.227        0.50       0.683       0.036        0.08       0.761       0.039        0.08
  2.227        0.60       0.830       0.046        0.08       0.878       0.050        0.08
  2.227        0.70       1.347       0.067        0.08       1.079       0.066        0.08
  2.227        0.80       1.508       0.072        0.08       0.943       0.061        0.08
  2.227        0.90       1.645       0.107        0.11       1.178       0.109        0.11
  2.253        0.00       0.131       0.015        0.08       0.252       0.021        0.08
  2.253        0.10       0.175       0.019        0.08       0.222       0.021        0.08
  2.253        0.20       0.207       0.020        0.08       0.345       0.027        0.08
  2.253        0.30       0.320       0.025        0.08       0.413       0.030        0.08
  2.253        0.40       0.398       0.027        0.08       0.597       0.033        0.08
  2.253        0.50       0.559       0.033        0.08       0.671       0.039        0.08
  2.253        0.60       0.858       0.051        0.08       0.888       0.054        0.08
  2.253        0.70       1.272       0.060        0.08       0.957       0.057        0.08
  2.253        0.80       1.633       0.075        0.08       1.131       0.068        0.08
  2.253        0.90       1.620       0.115        0.11       0.844       0.094        0.11
  2.278        0.00       0.144       0.016        0.08       0.212       0.019        0.08
  2.278        0.10       0.134       0.015        0.08       0.230       0.020        0.08
  2.278        0.20       0.211       0.021        0.08       0.280       0.023        0.08
  2.278        0.30       0.321       0.027        0.08       0.386       0.032        0.08
  2.278        0.40       0.404       0.027        0.08       0.524       0.030        0.08
  2.278        0.50       0.635       0.036        0.08       0.660       0.039        0.08
  2.278        0.60       0.860       0.047        0.08       0.836       0.049        0.08
  2.278        0.70       1.181       0.057        0.08       0.988       0.056        0.08
  2.278        0.80       1.438       0.071        0.08       0.970       0.063        0.08
  2.278        0.90       1.734       0.114        0.11       0.876       0.087        0.11
  2.303        0.00       0.088       0.014        0.08       0.140       0.017        0.08
  2.303        0.10       0.131       0.017        0.08       0.210       0.020        0.08
  2.303        0.20       0.158       0.021        0.08       0.256       0.026        0.08
  2.303        0.30       0.263       0.024        0.08       0.366       0.030        0.08
  2.303        0.40       0.409       0.028        0.08       0.489       0.031        0.08
  2.303        0.50       0.534       0.035        0.08       0.669       0.041        0.08
  2.303        0.60       0.753       0.049        0.08       0.848       0.055        0.08
  2.303        0.70       1.185       0.061        0.08       1.126       0.064        0.08
  2.303        0.80       1.610       0.086        0.08       1.040       0.072        0.08
  2.303        0.90       1.788       0.121        0.11       1.196       0.115        0.11
  2.328        0.00       0.103       0.016        0.08       0.183       0.020        0.08
  2.328        0.10       0.124       0.017        0.08       0.158       0.020        0.08
  2.328        0.20       0.149       0.020        0.08       0.254       0.026        0.08
  2.328        0.30       0.255       0.025        0.08       0.331       0.028        0.08
  2.328        0.40       0.403       0.030        0.08       0.490       0.035        0.08
  2.328        0.50       0.569       0.040        0.08       0.682       0.044        0.08
  2.328        0.60       0.892       0.056        0.08       0.736       0.054        0.08
  2.328        0.70       1.243       0.070        0.08       1.053       0.068        0.08
  2.328        0.80       1.316       0.076        0.08       1.016       0.073        0.08
  2.328        0.90       1.600       0.124        0.11       0.733       0.091        0.11
  2.353        0.00       0.088       0.014        0.08       0.134       0.019        0.08
  2.353        0.10       0.149       0.020        0.08       0.181       0.021        0.08
  2.353        0.20       0.178       0.020        0.08       0.239       0.024        0.08
  2.353        0.30       0.259       0.027        0.08       0.343       0.029        0.08
  2.353        0.40       0.382       0.029        0.08       0.459       0.033        0.08
  2.353        0.50       0.580       0.042        0.08       0.564       0.042        0.08
  2.353        0.60       0.725       0.050        0.08       0.812       0.058        0.08
  2.353        0.70       1.087       0.066        0.08       0.987       0.067        0.08
  2.353        0.80       1.672       0.087        0.08       1.242       0.079        0.08
  2.353        0.90       1.665       0.141        0.11       0.947       0.121        0.11
  2.378        0.00       0.000       0.000        0.00       0.000       0.000        0.00
  2.378        0.10       0.000       0.000        0.00       0.000       0.000        0.00
  2.378        0.20       0.000       0.000        0.00       0.000       0.000        0.00
  2.378        0.30       0.000       0.000        0.00       0.000       0.000        0.00
  2.378        0.40       0.000       0.000        0.00       0.000       0.000        0.00
  2.378        0.50       0.000       0.000        0.00       0.000       0.000        0.00
  2.378        0.60       0.000       0.000        0.00       0.000       0.000        0.00
  2.378        0.70       0.000       0.000        0.00       0.000       0.000        0.00
  2.378        0.80       0.000       0.000        0.00       0.000       0.000        0.00
  2.378        0.90       0.000       0.000        0.00       0.000       0.000        0.00
  2.405        0.00       0.000       0.000        0.00       0.000       0.000        0.00
  2.405        0.10       0.000       0.000        0.00       0.000       0.000        0.00
  2.405        0.20       0.000       0.000        0.00       0.000       0.000        0.00
  2.405        0.30       0.000       0.000        0.00       0.000       0.000        0.00
  2.405        0.40       0.000       0.000        0.00       0.000       0.000        0.00
  2.405        0.50       0.000       0.000        0.00       0.000       0.000        0.00
  2.405        0.60       0.000       0.000        0.00       0.000       0.000        0.00
  2.405        0.70       0.000       0.000        0.00       0.000       0.000        0.00
  2.405        0.80       0.000       0.000        0.00       0.000       0.000        0.00
  2.405        0.90       0.000       0.000        0.00       0.000       0.000        0.00
  2.430        0.00       0.139       0.023        0.08       0.139       0.024        0.08
  2.430        0.10       0.104       0.027        0.08       0.196       0.028        0.08
  2.430        0.20       0.170       0.023        0.08       0.190       0.025        0.08
  2.430        0.30       0.226       0.034        0.08       0.372       0.039        0.08
  2.430        0.40       0.325       0.032        0.08       0.385       0.036        0.08
  2.430        0.50       0.511       0.052        0.08       0.639       0.056        0.08
  2.430        0.60       0.965       0.070        0.08       0.852       0.067        0.08
  2.430        0.70       1.315       0.085        0.08       1.129       0.088        0.08
  2.430        0.80       1.794       0.107        0.08       1.337       0.098        0.08
  2.430        0.90       1.919       0.162        0.11       1.804       0.175        0.11
  2.455        0.00       0.084       0.018        0.08       0.110       0.019        0.08
  2.455        0.10       0.097       0.021        0.08       0.155       0.021        0.08
  2.455        0.20       0.092       0.017        0.08       0.138       0.020        0.08
  2.455        0.30       0.221       0.028        0.08       0.266       0.030        0.08
  2.455        0.40       0.315       0.027        0.08       0.393       0.032        0.08
  2.455        0.50       0.455       0.038        0.08       0.546       0.043        0.08
  2.455        0.60       0.908       0.066        0.08       0.803       0.060        0.08
  2.455        0.70       1.125       0.072        0.08       0.842       0.063        0.08
  2.455        0.80       1.502       0.084        0.08       1.140       0.079        0.08
  2.455        0.90       1.410       0.129        0.11       1.294       0.156        0.11
  2.480        0.00       0.057       0.014        0.08       0.062       0.015        0.08
  2.480        0.10       0.071       0.015        0.08       0.117       0.020        0.08
  2.480        0.20       0.118       0.022        0.08       0.176       0.024        0.08
  2.480        0.30       0.170       0.025        0.08       0.161       0.028        0.08
  2.480        0.40       0.263       0.030        0.08       0.410       0.033        0.08
  2.480        0.50       0.365       0.037        0.08       0.612       0.048        0.08
  2.480        0.60       0.740       0.056        0.08       0.783       0.064        0.08
  2.480        0.70       1.088       0.070        0.08       0.819       0.070        0.08
  2.480        0.80       1.279       0.081        0.08       0.971       0.076        0.08
  2.480        0.90       1.707       0.154        0.11       1.044       0.131        0.11
  2.505        0.00       0.102       0.015        0.08       0.086       0.018        0.08
  2.505        0.10       0.085       0.019        0.08       0.135       0.022        0.08
  2.505        0.20       0.106       0.020        0.08       0.180       0.027        0.08
  2.505        0.30       0.157       0.022        0.08       0.189       0.024        0.08
  2.505        0.40       0.224       0.029        0.08       0.315       0.030        0.08
  2.505        0.50       0.422       0.038        0.08       0.496       0.045        0.08
  2.505        0.60       0.709       0.053        0.08       0.653       0.052        0.08
  2.505        0.70       0.983       0.062        0.08       0.916       0.065        0.08
  2.505        0.80       1.346       0.088        0.08       1.074       0.077        0.08
  2.505        0.90       1.728       0.150        0.11       1.068       0.140        0.11
  2.530        0.00       0.079       0.015        0.08       0.075       0.020        0.08
  2.530        0.10       0.058       0.014        0.08       0.106       0.018        0.08
  2.530        0.20       0.107       0.020        0.08       0.153       0.025        0.08
  2.530        0.30       0.205       0.025        0.08       0.250       0.028        0.08
  2.530        0.40       0.240       0.027        0.08       0.326       0.030        0.08
  2.530        0.50       0.332       0.033        0.08       0.500       0.042        0.08
  2.530        0.60       0.596       0.054        0.08       0.682       0.058        0.08
  2.530        0.70       1.061       0.078        0.08       0.888       0.076        0.08
  2.530        0.80       1.438       0.089        0.08       1.120       0.087        0.08
  2.530        0.90       1.646       0.190        0.11       1.100       0.161        0.11
  2.555        0.00       0.069       0.015        0.08       0.046       0.014        0.08
  2.555        0.10       0.076       0.020        0.08       0.090       0.020        0.08
  2.555        0.20       0.066       0.021        0.08       0.113       0.030        0.08
  2.555        0.30       0.149       0.027        0.08       0.188       0.027        0.08
  2.555        0.40       0.243       0.029        0.08       0.299       0.032        0.08
  2.555        0.50       0.356       0.040        0.08       0.405       0.044        0.08
  2.555        0.60       0.643       0.059        0.08       0.638       0.058        0.08
  2.555        0.70       0.945       0.080        0.08       0.857       0.088        0.08
  2.555        0.80       1.495       0.098        0.08       1.087       0.091        0.08
  2.555        0.90       1.588       0.167        0.11       0.955       0.144        0.11
  2.580        0.00       0.076       0.016        0.08       0.051       0.014        0.08
  2.580        0.10       0.071       0.025        0.08       0.056       0.018        0.08
  2.580        0.20       0.124       0.022        0.08       0.141       0.030        0.08
  2.580        0.30       0.148       0.026        0.08       0.184       0.029        0.08
  2.580        0.40       0.157       0.029        0.08       0.260       0.033        0.08
  2.580        0.50       0.420       0.045        0.08       0.491       0.057        0.08
  2.580        0.60       0.718       0.064        0.08       0.668       0.069        0.08
  2.580        0.70       1.114       0.083        0.08       0.773       0.084        0.08
  2.580        0.80       1.269       0.095        0.08       1.117       0.092        0.08
  2.580        0.90       1.473       0.201        0.11       0.925       0.162        0.11
  2.605        0.00       0.069       0.016        0.08       0.040       0.013        0.08
  2.605        0.10       0.103       0.018        0.08       0.108       0.017        0.08
  2.605        0.20       0.130       0.024        0.08       0.124       0.023        0.08
  2.605        0.30       0.110       0.025        0.08       0.141       0.026        0.08
  2.605        0.40       0.235       0.026        0.08       0.314       0.038        0.08
  2.605        0.50       0.320       0.036        0.08       0.464       0.047        0.08
  2.605        0.60       0.559       0.052        0.08       0.684       0.061        0.08
  2.605        0.70       0.844       0.061        0.08       0.760       0.063        0.08
  2.605        0.80       1.450       0.089        0.08       1.036       0.081        0.08
  2.605        0.90       1.889       0.177        0.11       1.368       0.162        0.11
  2.630        0.00       0.100       0.016        0.08       0.074       0.016        0.08
  2.630        0.10       0.107       0.022        0.08       0.078       0.017        0.08
  2.630        0.20       0.117       0.018        0.08       0.103       0.018        0.08
  2.630        0.30       0.154       0.025        0.08       0.220       0.027        0.08
  2.630        0.40       0.237       0.027        0.08       0.256       0.024        0.08
  2.630        0.50       0.323       0.036        0.08       0.385       0.038        0.08
  2.630        0.60       0.556       0.049        0.08       0.586       0.049        0.08
  2.630        0.70       0.860       0.059        0.08       0.853       0.064        0.08
  2.630        0.80       1.385       0.083        0.08       0.877       0.067        0.08
  2.630        0.90       1.662       0.162        0.11       1.225       0.160        0.11
  2.655        0.00       0.055       0.019        0.08       0.039       0.012        0.08
  2.655        0.10       0.065       0.014        0.08       0.063       0.015        0.08
  2.655        0.20       0.079       0.022        0.08       0.092       0.031        0.08
  2.655        0.30       0.129       0.020        0.08       0.141       0.021        0.08
  2.655        0.40       0.175       0.025        0.08       0.210       0.028        0.08
  2.655        0.50       0.255       0.035        0.08       0.388       0.044        0.08
  2.655        0.60       0.672       0.058        0.08       0.661       0.073        0.08
  2.655        0.70       0.889       0.066        0.08       0.636       0.060        0.08
  2.655        0.80       1.428       0.101        0.08       1.139       0.116        0.08
  2.655        0.90       1.732       0.190        0.11       1.287       0.196        0.11
  2.680        0.00       0.047       0.015        0.08       0.049       0.016        0.08
  2.680        0.10       0.037       0.011        0.08       0.066       0.016        0.08
  2.680        0.20       0.110       0.022        0.08       0.154       0.028        0.08
  2.680        0.30       0.129       0.021        0.08       0.177       0.027        0.08
  2.680        0.40       0.177       0.024        0.08       0.222       0.026        0.08
  2.680        0.50       0.314       0.040        0.08       0.441       0.047        0.08
  2.680        0.60       0.581       0.057        0.08       0.541       0.052        0.08
  2.680        0.70       0.943       0.070        0.08       0.811       0.072        0.08
  2.680        0.80       1.198       0.088        0.08       0.838       0.074        0.08
  2.680        0.90       1.784       0.176        0.11       1.308       0.179        0.11
  2.704        0.00       0.063       0.013        0.08       0.048       0.012        0.08
  2.704        0.10       0.070       0.012        0.08       0.088       0.015        0.08
  2.704        0.20       0.093       0.018        0.08       0.106       0.031        0.08
  2.704        0.30       0.129       0.018        0.08       0.161       0.020        0.08
  2.704        0.40       0.154       0.021        0.08       0.220       0.025        0.08
  2.704        0.50       0.248       0.029        0.08       0.320       0.034        0.08
  2.704        0.60       0.613       0.052        0.08       0.556       0.051        0.08
  2.704        0.70       0.936       0.065        0.08       0.751       0.057        0.08
  2.704        0.80       1.485       0.091        0.08       0.957       0.076        0.08
  2.704        0.90       1.771       0.159        0.11       1.651       0.174        0.11
  2.729        0.00       0.082       0.022        0.08       0.042       0.013        0.08
  2.729        0.10       0.091       0.017        0.08       0.070       0.014        0.08
  2.729        0.20       0.105       0.019        0.08       0.093       0.019        0.08
  2.729        0.30       0.119       0.020        0.08       0.135       0.021        0.08
  2.729        0.40       0.166       0.027        0.08       0.221       0.028        0.08
  2.729        0.50       0.318       0.040        0.08       0.337       0.039        0.08
  2.729        0.60       0.530       0.054        0.08       0.543       0.057        0.08
  2.729        0.70       0.860       0.064        0.08       0.677       0.063        0.08
  2.729        0.80       1.392       0.092        0.08       0.931       0.078        0.08
  2.729        0.90       1.437       0.166        0.11       1.419       0.191        0.11
  2.754        0.00       0.043       0.017        0.08       0.032       0.014        0.08
  2.754        0.10       0.108       0.005        0.08       0.122       0.005        0.08
  2.754        0.20       0.032       0.010        0.08       0.069       0.025        0.08
  2.754        0.30       0.144       0.029        0.08       0.224       0.044        0.08
  2.754        0.40       0.196       0.034        0.08       0.263       0.038        0.08
  2.754        0.50       0.349       0.048        0.08       0.314       0.054        0.08
  2.754        0.60       0.631       0.071        0.08       0.514       0.064        0.08
  2.754        0.70       0.883       0.086        0.08       0.776       0.082        0.08
  2.754        0.80       1.456       0.112        0.08       1.131       0.107        0.08
  2.754        0.90       1.543       0.188        0.11       1.526       0.219        0.11
  2.778        0.00       0.077       0.016        0.08       0.074       0.017        0.08
  2.778        0.10       0.046       0.011        0.08       0.052       0.016        0.08
  2.778        0.20       0.051       0.016        0.08       0.073       0.017        0.08
  2.778        0.30       0.142       0.023        0.08       0.088       0.019        0.08
  2.778        0.40       0.147       0.025        0.08       0.228       0.031        0.08
  2.778        0.50       0.268       0.045        0.08       0.320       0.049        0.08
  2.778        0.60       0.386       0.051        0.08       0.511       0.055        0.08
  2.778        0.70       0.925       0.071        0.08       0.826       0.069        0.08
  2.778        0.80       1.354       0.101        0.08       0.909       0.091        0.08
  2.778        0.90       1.718       0.196        0.11       1.112       0.176        0.11
  2.803        0.00       0.051       0.018        0.08       0.035       0.016        0.08
  2.803        0.10       0.060       0.017        0.08       0.026       0.011        0.08
  2.803        0.20       0.065       0.018        0.08       0.025       0.010        0.08
  2.803        0.30       0.093       0.020        0.08       0.123       0.022        0.08
  2.803        0.40       0.136       0.026        0.08       0.145       0.027        0.08
  2.803        0.50       0.340       0.039        0.08       0.334       0.043        0.08
  2.803        0.60       0.553       0.060        0.08       0.469       0.060        0.08
  2.803        0.70       0.766       0.058        0.08       0.795       0.055        0.08
  2.803        0.80       1.418       0.102        0.08       0.968       0.095        0.08
  2.803        0.90       1.652       0.201        0.11       1.426       0.225        0.11
  2.827        0.00       0.032       0.013        0.08       0.017       0.010        0.08
  2.827        0.10       0.039       0.012        0.08       0.072       0.017        0.08
  2.827        0.20       0.067       0.019        0.08       0.063       0.022        0.08
  2.827        0.30       0.145       0.028        0.08       0.166       0.040        0.08
  2.827        0.40       0.136       0.025        0.08       0.126       0.031        0.08
  2.827        0.50       0.345       0.042        0.08       0.331       0.043        0.08
  2.827        0.60       0.515       0.057        0.08       0.452       0.056        0.08
  2.827        0.70       0.836       0.074        0.08       0.769       0.081        0.08
  2.827        0.80       1.377       0.103        0.08       1.186       0.122        0.08
  2.827        0.90       1.495       0.177        0.11       1.306       0.194        0.11
  2.852        0.00       0.057       0.017        0.08       0.026       0.008        0.08
  2.852        0.10       0.061       0.016        0.08       0.050       0.016        0.08
  2.852        0.20       0.053       0.015        0.08       0.046       0.010        0.08
  2.852        0.30       0.112       0.026        0.08       0.094       0.023        0.08
  2.852        0.40       0.134       0.021        0.08       0.136       0.021        0.08
  2.852        0.50       0.334       0.038        0.08       0.282       0.036        0.08
  2.852        0.60       0.605       0.056        0.08       0.487       0.052        0.08
  2.852        0.70       0.933       0.066        0.08       0.686       0.064        0.08
  2.852        0.80       1.266       0.085        0.08       0.906       0.092        0.08
  2.852        0.90       1.294       0.130        0.11       1.254       0.153        0.11
  2.876        0.00       0.035       0.015        0.08       0.026       0.015        0.08
  2.876        0.10       0.046       0.014        0.08       0.029       0.011        0.08
  2.876        0.20       0.077       0.020        0.08       0.081       0.021        0.08
  2.876        0.30       0.085       0.020        0.08       0.060       0.017        0.08
  2.876        0.40       0.154       0.025        0.08       0.109       0.026        0.08
  2.876        0.50       0.305       0.042        0.08       0.283       0.044        0.08
  2.876        0.60       0.443       0.062        0.08       0.493       0.065        0.08
  2.876        0.70       0.834       0.070        0.08       0.663       0.069        0.08
  2.876        0.80       1.147       0.096        0.08       1.108       0.114        0.08
  2.876        0.90       1.531       0.198        0.11       1.094       0.219        0.11
  2.901        0.00       0.077       0.026        0.08       0.061       0.025        0.08
  2.901        0.10       0.073       0.013        0.08       0.067       0.016        0.08
  2.901        0.20       0.072       0.018        0.08       0.094       0.019        0.08
  2.901        0.30       0.063       0.021        0.08       0.105       0.038        0.08
  2.901        0.40       0.152       0.025        0.08       0.182       0.025        0.08
  2.901        0.50       0.249       0.035        0.08       0.306       0.043        0.08
  2.901        0.60       0.499       0.054        0.08       0.528       0.056        0.08
  2.901        0.70       0.957       0.072        0.08       0.712       0.066        0.08
  2.901        0.80       1.216       0.091        0.08       0.976       0.093        0.08
  2.901        0.90       1.827       0.309        0.11       1.132       0.225        0.11
  2.925        0.00       0.028       0.011        0.08       0.139       0.030        0.08
  2.925        0.10       0.053       0.016        0.08       0.047       0.024        0.08
  2.925        0.20       0.046       0.013        0.08       0.028       0.011        0.08
  2.925        0.30       0.051       0.015        0.08       0.117       0.025        0.08
  2.925        0.40       0.169       0.022        0.08       0.205       0.022        0.08
  2.925        0.50       0.226       0.035        0.08       0.244       0.037        0.08
  2.925        0.60       0.457       0.050        0.08       0.527       0.055        0.08
  2.925        0.70       0.755       0.063        0.08       0.767       0.080        0.08
  2.925        0.80       1.321       0.101        0.08       1.103       0.127        0.08
  2.925        0.90       1.538       0.167        0.11       1.624       0.186        0.11
  2.950        0.00       0.041       0.022        0.08       0.043       0.015        0.08
  2.950        0.10       0.063       0.017        0.08       0.095       0.027        0.08
  2.950        0.20       0.066       0.018        0.08       0.048       0.019        0.08
  2.950        0.30       0.063       0.017        0.08       0.061       0.016        0.08
  2.950        0.40       0.127       0.027        0.08       0.095       0.024        0.08
  2.950        0.50       0.198       0.035        0.08       0.290       0.041        0.08
  2.950        0.60       0.421       0.047        0.08       0.407       0.051        0.08
  2.950        0.70       0.679       0.059        0.08       0.575       0.060        0.08
  2.950        0.80       1.427       0.098        0.08       1.064       0.094        0.08
  2.950        0.90       1.911       0.209        0.11       1.190       0.184        0.11

