#	::::::::::::::::::::::::::::::::::::::::::
#		SLAC - data '69  (K-Lambda)
#	::::::::::::::::::::::::::::::::::::::::::


# A.M. Boyarski et al. Phys. Rev. Lett. 22, 1131 (1969)


$vars: -t (GeV^2) & diffcs -dt (mb)


#  -t (GeV^2)     ds/dt (myb/GeV^2)
#  ----------   ---------------------

# E IN GEV   5
$const: wlab 5 (GeV)

 .01200000    .00034000  .00006000  
 .01480000    .00033300  .00002200  
 .02080000    .00042500  .00003800  
 .03080000    .00039800  .00002500  
 .04980000    .00040500  .00003100  
 .08980000    .00042400  .00003000  
 .16800000    .00047300  .00003200  
 .17400000    .00039400  .00003900  
 .31600000    .00034100  .00003700  
 .45000000    .00032500  .00003300  
 .60000000    .00022800  .00002500  
 .77000000    .00013400  .00002000  
 .97000000    .00009200  .00001600  
1.15000000    .00005000  .00001100

# E IN GEV   8
$const: wlab 8 (GeV)

 .00690000      .00009400    .00003300  
 .00930000      .00007900    .00001800  
 .01140000      .00010500    .00001400  
 .01640000      .00013000    .00003000  
 .02640000      .00012700  60.000E-07   
 .04540000      .00014100  50.000E-07   
 .08640000      .00016100  90.000E-07   
 .16600000      .00016100    .00001200  
 .25600000      .00014700    .00001600  
 .31600000      .00013500  60.000E-07   
 .44600000      .00009800  80.000E-07   
 .60600000      .00007600  70.000E-07   
 .77600000      .00004100  30.000E-07   
 .97600000      .00002400  30.000E-07   
1.29000000    91.000E-07   13.000E-07   
1.66000000    29.000E-07   90.000E-08   
2.01000000    86.000E-08   32.000E-08

# E IN GEV   11
$const: wlab 11 (GeV)

 .00570000      .00005700    .00001300  
 .01200000      .00007000    .00001400  
 .02460000      .00005800  50.000E-07   
 .04460000      .00007100  40.000E-07   
 .08460000      .00007900  40.000E-07   
 .17000000      .00008000  60.000E-07   
 .32000000      .00007800  70.000E-07   
 .46000000      .00005300  50.000E-07   
 .79000000      .00002030  19.000E-07   
1.              .00001330  18.000E-07   
1.30000000    36.000E-07   40.000E-08   
2.            56.000E-08   14.000E-08   

# E IN GEV   16
$const: wlab 16 (GeV)

 .00530000      .00002400  50.000E-07  
 .01890000      .00004200  80.000E-07  
 .04210000      .00003500  20.000E-07  
 .08110000      .00004000  20.000E-07  
 .16500000      .00003500  30.000E-07  
 .26000000      .00004100  30.000E-07  
 .31000000      .00003350  23.000E-07  
 .44000000      .00002640  33.000E-07  
 .60000000      .00001490  15.000E-07  
 .79000000    94.000E-07   10.000E-07  
1.            38.000E-07   60.000E-08  
1.30000000    21.000E-07   30.000E-08  
2.            13.000E-08   50.000E-09  
