# $\gamma p \rightarrow K^{+} \Lambda$ results from McCracken, et al. (CLAS Collaboration) 2009
# for submission to PRC
# preprint found at http://arxiv.org/abs/0912.4274
# 
# dsigma/dcos(theta) and recoil polarization results are
# given with reference to the K+ scattering angle in the
# center-of-mass frame.
# 
# Center-of-mass-energy binning width is 10 MeV.
# 
# No differential cross section results are given 
# for the 1.955, 2.735, or 2.745 GeV bins.


$vars: w (GeV) & costhkcm & / & diffcs -sysErr -dcos


# ----------------------------------------------------------------------------------------------------------------------------------------------
# Differential Cross Section (dcs/dcos(theta)) Results :::::::::::::::::::::::::::::::::::::::::::::::::::::::::::::::::::::::::::::::::::::::::
# ----------------------------------------------------------------------------------------------------------------------------------------------
# W (GeV)		cos(theta)		cos(theta)_err		dcs/dcos(theta) (mub)		dcs/dcos(theta)_err (mub)	syst (mub)
# ----------------------------------------------------------------------------------------------------------------------------------------------
2.605		0.40			0.05			0.0726				0.0043				0.0080
2.605		0.50			0.05			0.1781				0.0078				0.0196
2.605		0.60			0.05			0.3283				0.0098				0.0361
2.605		0.70			0.05			0.5881				0.0135				0.0647
2.605		0.80			0.05			0.9491				0.0179				0.1044
2.605		0.87			0.02			1.0555				0.0425				0.1161
2.615		0.40			0.05			0.0738				0.0039				0.0081
2.615		0.50			0.05			0.1528				0.0063				0.0168
2.615		0.60			0.05			0.3101				0.0094				0.0341
2.615		0.70			0.05			0.5933				0.0136				0.0653
2.615		0.80			0.05			0.9717				0.0178				0.1069
2.615		0.87			0.02			0.9172				0.0365				0.1009
2.625		0.40			0.05			0.0603				0.0043				0.0066
2.625		0.50			0.05			0.1428				0.0073				0.0157
2.625		0.60			0.05			0.3121				0.0119				0.0343
2.625		0.70			0.05			0.5941				0.0224				0.0654
2.625		0.80			0.05			0.9447				0.0239				0.1039
2.625		0.87			0.02			1.0540				0.0522				0.1159
2.635		0.40			0.05			0.0625				0.0046				0.0069
2.635		0.50			0.05			0.1342				0.0075				0.0148
2.635		0.60			0.05			0.2591				0.0105				0.0285
2.635		0.70			0.05			0.5640				0.0164				0.0620
2.635		0.80			0.05			0.8918				0.0206				0.0981
2.635		0.87			0.02			1.1291				0.0599				0.1242
2.645		0.40			0.05			0.0581				0.0043				0.0064
2.645		0.50			0.05			0.1352				0.0073				0.0149
2.645		0.60			0.05			0.2756				0.0108				0.0303
2.645		0.70			0.05			0.4968				0.0144				0.0546
2.645		0.80			0.05			0.8348				0.0198				0.0918
2.645		0.87			0.02			0.9186				0.0525				0.1010
2.655		0.40			0.05			0.0553				0.0041				0.0061
2.655		0.50			0.05			0.1169				0.0068				0.0129
2.655		0.60			0.05			0.2498				0.0100				0.0275
2.655		0.70			0.05			0.5100				0.0150				0.0561
2.655		0.80			0.05			0.8518				0.0200				0.0937
2.655		0.87			0.02			0.9739				0.0581				0.1071
2.665		0.40			0.05			0.0466				0.0036				0.0051
2.665		0.50			0.05			0.1143				0.0065				0.0126
2.665		0.60			0.05			0.2490				0.0096				0.0274
2.665		0.70			0.05			0.5323				0.0152				0.0586
2.665		0.80			0.05			0.8190				0.0191				0.0901
2.665		0.87			0.02			0.8076				0.0514				0.0888
2.675		0.40			0.05			0.0481				0.0039				0.0053
2.675		0.50			0.05			0.1090				0.0066				0.0120
2.675		0.60			0.05			0.2564				0.0104				0.0282
2.675		0.70			0.05			0.5096				0.0155				0.0561
2.675		0.80			0.05			0.8544				0.0203				0.0940
2.675		0.87			0.02			0.9117				0.0615				0.1003
2.685		0.40			0.05			0.0414				0.0039				0.0046
2.685		0.50			0.05			0.1202				0.0076				0.0132
2.685		0.60			0.05			0.2491				0.0111				0.0274
2.685		0.70			0.05			0.5067				0.0167				0.0557
2.685		0.80			0.05			0.8205				0.0214				0.0903
2.685		0.87			0.02			0.8221				0.0749				0.0904
2.695		0.40			0.05			0.0405				0.0038				0.0045
2.695		0.50			0.05			0.0936				0.0065				0.0103
2.695		0.60			0.05			0.2358				0.0102				0.0259
2.695		0.70			0.05			0.4813				0.0153				0.0529
2.695		0.80			0.05			0.7893				0.0198				0.0868
2.695		0.87			0.02			0.9527				0.0830				0.1048
2.705		0.40			0.05			0.0452				0.0041				0.0050
2.705		0.50			0.05			0.0930				0.0069				0.0102
2.705		0.60			0.05			0.2324				0.0114				0.0256
2.705		0.70			0.05			0.4619				0.0178				0.0508
2.705		0.80			0.05			0.7611				0.0214				0.0837
2.705		0.87			0.02			0.9524				0.1243				0.1048
2.715		0.40			0.05			0.0379				0.0034				0.0042
2.715		0.50			0.05			0.0967				0.0061				0.0106
2.715		0.60			0.05			0.2214				0.0091				0.0244
2.715		0.70			0.05			0.4291				0.0136				0.0472
2.715		0.80			0.05			0.8372				0.0195				0.0921
2.715		0.87			0.02			0.9969				0.1724				0.1097
2.725		0.40			0.05			0.0401				0.0036				0.0044
2.725		0.50			0.05			0.1021				0.0064				0.0112
2.725		0.60			0.05			0.2095				0.0094				0.0230
2.725		0.70			0.05			0.4270				0.0135				0.0470
2.725		0.80			0.05			0.7706				0.0189				0.0848
2.725		0.87			0.02			1.1275				0.4561				0.1240
2.755		0.40			0.05			0.0337				0.0034				0.0037
2.755		0.50			0.05			0.0724				0.0054				0.0080
2.755		0.60			0.05			0.1758				0.0085				0.0193
2.755		0.70			0.05			0.3668				0.0126				0.0403
2.755		0.80			0.05			0.6986				0.0181				0.0768
2.755		0.86			0.01			0.8673				0.0526				0.0954
2.765		0.40			0.05			0.0364				0.0034				0.0040
2.765		0.50			0.05			0.0739				0.0054				0.0081
2.765		0.60			0.05			0.1725				0.0080				0.0190
2.765		0.70			0.05			0.4106				0.0132				0.0452
2.765		0.80			0.05			0.7468				0.0185				0.0821
2.765		0.86			0.01			0.8612				0.0584				0.0947
2.775		0.40			0.05			0.0273				0.0033				0.0030
2.775		0.50			0.05			0.0654				0.0050				0.0072
2.775		0.60			0.05			0.1733				0.0082				0.0191
2.775		0.70			0.05			0.3602				0.0121				0.0396
2.775		0.80			0.05			0.7053				0.0177				0.0776
2.775		0.86			0.01			0.8938				0.0626				0.0983
2.785		0.40			0.05			0.0260				0.0030				0.0029
2.785		0.50			0.05			0.0594				0.0049				0.0065
2.785		0.60			0.05			0.1641				0.0081				0.0181
2.785		0.70			0.05			0.3656				0.0125				0.0402
2.785		0.80			0.05			0.6647				0.0178				0.0731
2.785		0.86			0.01			0.8840				0.0580				0.0972
2.795		0.40			0.05			0.0274				0.0031				0.0030
2.795		0.50			0.05			0.0571				0.0050				0.0063
2.795		0.60			0.05			0.1741				0.0090				0.0192
2.795		0.70			0.05			0.3623				0.0131				0.0399
2.795		0.80			0.05			0.7175				0.0196				0.0789
2.795		0.86			0.01			0.7328				0.0553				0.0806
2.805		0.40			0.05			0.0283				0.0029				0.0031
2.805		0.50			0.05			0.0558				0.0046				0.0061
2.805		0.60			0.05			0.1556				0.0077				0.0171
2.805		0.70			0.05			0.3332				0.0120				0.0367
2.805		0.80			0.05			0.6412				0.0169				0.0705
2.805		0.86			0.01			0.6564				0.0463				0.0722
2.815		0.40			0.05			0.0304				0.0034				0.0033
2.815		0.50			0.05			0.0640				0.0057				0.0070
2.815		0.60			0.05			0.1313				0.0083				0.0144
2.815		0.70			0.05			0.3393				0.0158				0.0373
2.815		0.80			0.05			0.6170				0.0193				0.0679
2.815		0.86			0.01			0.8791				0.0634				0.0967
2.825		0.40			0.05			0.0233				0.0028				0.0026
2.825		0.50			0.05			0.0567				0.0047				0.0062
2.825		0.60			0.05			0.1406				0.0076				0.0155
2.825		0.70			0.05			0.3254				0.0120				0.0358
2.825		0.80			0.05			0.6660				0.0179				0.0733
2.825		0.86			0.01			0.7636				0.0573				0.0840
2.835		0.40			0.05			0.0226				0.0028				0.0025
2.835		0.50			0.05			0.0499				0.0044				0.0055
2.835		0.60			0.05			0.1308				0.0072				0.0144
2.835		0.70			0.05			0.2985				0.0116				0.0328
2.835		0.80			0.05			0.5703				0.0164				0.0627
2.835		0.86			0.01			0.7373				0.0633				0.0811
