# $\gamma p \rightarrow K^{+} \Lambda$ results from McCracken, et al. (CLAS Collaboration) 2009
# for submission to PRC
# preprint found at http://arxiv.org/abs/0912.4274
# 
# dsigma/dcos(theta) and recoil polarization results are
# given with reference to the K+ scattering angle in the
# center-of-mass frame.
# 
# Center-of-mass-energy binning width is 10 MeV.
# 
# No differential cross section results are given 
# for the 1.955, 2.735, or 2.745 GeV bins.


$vars: w (GeV) & costhkcm & / & diffcs -sysErr -dcos


# ----------------------------------------------------------------------------------------------------------------------------------------------
# Differential Cross Section (dcs/dcos(theta)) Results :::::::::::::::::::::::::::::::::::::::::::::::::::::::::::::::::::::::::::::::::::::::::
# ----------------------------------------------------------------------------------------------------------------------------------------------
# W (GeV)		cos(theta)		cos(theta)_err		dcs/dcos(theta) (mub)		dcs/dcos(theta)_err (mub)	syst (mub)
# ----------------------------------------------------------------------------------------------------------------------------------------------
1.625		0.40			0.05			0.5052				0.0753				0.0556
1.625		0.50			0.05			0.4897				0.0849				0.0539
1.625		0.60			0.05			0.5718				0.1043				0.0629
1.625		0.70			0.05			0.7261				0.1500				0.0799
1.635		0.40			0.05			0.6295				0.0947				0.0692
1.635		0.50			0.05			0.5596				0.0835				0.0616
1.635		0.60			0.05			0.5228				0.0690				0.0575
1.635		0.70			0.05			0.5957				0.0721				0.0655
1.635		0.80			0.05			0.4699				0.1099				0.0517
1.645		0.40			0.05			0.6764				0.0719				0.0744
1.645		0.50			0.05			0.7006				0.0650				0.0771
1.645		0.60			0.05			1.0378				0.0853				0.1142
1.645		0.70			0.05			1.0189				0.0933				0.1121
1.645		0.80			0.05			1.0820				0.1134				0.1190
1.655		0.40			0.05			0.8704				0.0596				0.0957
1.655		0.50			0.05			0.9889				0.0666				0.1088
1.655		0.60			0.05			1.0181				0.0726				0.1120
1.655		0.70			0.05			0.9390				0.0759				0.1033
1.655		0.80			0.05			1.1295				0.1019				0.1242
1.665		0.40			0.05			1.0117				0.0678				0.1113
1.665		0.50			0.05			1.0984				0.0774				0.1208
1.665		0.60			0.05			1.2022				0.0860				0.1322
1.665		0.70			0.05			1.3292				0.1022				0.1462
1.665		0.80			0.05			1.2799				0.1137				0.1408
1.675		0.40			0.05			1.2842				0.0609				0.1413
1.675		0.50			0.05			1.3476				0.0776				0.1482
1.675		0.60			0.05			1.4256				0.0819				0.1568
1.675		0.70			0.05			1.6026				0.1023				0.1763
1.675		0.80			0.05			1.6371				0.1137				0.1801
1.685		0.40			0.05			1.4132				0.0574				0.1555
1.685		0.50			0.05			1.4077				0.0600				0.1548
1.685		0.60			0.05			1.6338				0.0814				0.1797
1.685		0.70			0.05			1.9187				0.0980				0.2111
1.685		0.80			0.05			1.8197				0.1081				0.2002
1.695		0.40			0.05			1.5819				0.0549				0.1740
1.695		0.50			0.05			1.6026				0.0558				0.1763
1.695		0.60			0.05			1.6998				0.0640				0.1870
1.695		0.70			0.05			1.8872				0.1170				0.2076
1.695		0.80			0.05			1.9566				0.2378				0.2152
1.705		0.40			0.05			1.6020				0.0584				0.1762
1.705		0.50			0.05			1.7086				0.0596				0.1879
1.705		0.60			0.05			1.9407				0.0708				0.2135
1.705		0.70			0.05			2.1427				0.0815				0.2357
1.705		0.80			0.05			2.4083				0.1153				0.2649
1.705		0.88			0.03			2.6276				0.2095				0.2890
1.715		0.40			0.05			1.6526				0.0548				0.1818
1.715		0.50			0.05			1.9195				0.0584				0.2111
1.715		0.60			0.05			2.0417				0.0627				0.2246
1.715		0.70			0.05			2.1023				0.0908				0.2313
1.715		0.80			0.05			2.6124				0.1788				0.2874
1.715		0.88			0.03			2.6288				0.1893				0.2892
1.725		0.40			0.05			1.7523				0.0561				0.1928
1.725		0.50			0.05			2.0014				0.0593				0.2202
1.725		0.60			0.05			1.9962				0.0614				0.2196
1.725		0.70			0.05			2.2197				0.0744				0.2442
1.725		0.80			0.05			2.6249				0.1332				0.2887
1.725		0.89			0.04			3.5484				1.0413				0.3903
1.735		0.40			0.05			1.7047				0.0529				0.1875
1.735		0.50			0.05			1.9905				0.0560				0.2190
1.735		0.60			0.05			2.0350				0.0555				0.2239
1.735		0.70			0.05			2.2956				0.0690				0.2525
1.735		0.80			0.05			2.5462				0.1260				0.2801
1.745		0.40			0.05			1.6291				0.0477				0.1792
1.745		0.50			0.05			1.8410				0.0540				0.2025
1.745		0.60			0.05			2.1120				0.0606				0.2323
1.745		0.70			0.05			2.1554				0.0827				0.2371
1.745		0.80			0.05			2.4655				0.1037				0.2712
1.745		0.89			0.04			2.1970				0.1961				0.2417
1.755		0.40			0.05			1.5665				0.0484				0.1723
1.755		0.50			0.05			1.9557				0.0556				0.2151
1.755		0.60			0.05			1.9737				0.0845				0.2171
1.755		0.70			0.05			2.0798				0.0641				0.2288
1.755		0.80			0.05			2.3407				0.1062				0.2575
1.755		0.89			0.04			2.1616				0.1988				0.2378
1.765		0.40			0.05			1.4972				0.0433				0.1647
1.765		0.50			0.05			1.6946				0.0477				0.1864
1.765		0.60			0.05			1.9986				0.0552				0.2198
1.765		0.70			0.05			1.9925				0.0694				0.2192
1.765		0.80			0.05			2.3117				0.0933				0.2543
1.765		0.89			0.04			2.6519				0.2772				0.2917
1.775		0.40			0.05			1.5756				0.0659				0.1733
1.775		0.50			0.05			1.6210				0.0927				0.1783
1.775		0.60			0.05			1.9099				0.0783				0.2101
1.775		0.70			0.05			2.1030				0.1232				0.2313
1.775		0.80			0.05			2.1105				0.1042				0.2322
1.785		0.40			0.05			1.4704				0.0778				0.1617
1.785		0.50			0.05			1.7536				0.0518				0.1929
1.785		0.60			0.05			1.8102				0.0501				0.1991
1.785		0.70			0.05			2.0489				0.0613				0.2254
1.785		0.80			0.05			2.0585				0.0877				0.2264
1.795		0.40			0.05			1.6030				0.0573				0.1763
1.795		0.50			0.05			1.7418				0.0491				0.1916
1.795		0.60			0.05			1.9960				0.0494				0.2196
1.795		0.70			0.05			1.9732				0.1317				0.2171
1.805		0.40			0.05			1.6065				0.0439				0.1767
1.805		0.50			0.05			1.6792				0.0447				0.1847
1.805		0.60			0.05			1.8914				0.0452				0.2081
1.805		0.70			0.05			2.0401				0.0536				0.2244
1.805		0.80			0.05			2.1650				0.0870				0.2382
1.805		0.89			0.04			2.4429				0.2053				0.2687
1.815		0.40			0.05			1.6920				0.0487				0.1861
1.815		0.50			0.05			1.8054				0.0510				0.1986
1.815		0.60			0.05			2.0011				0.0541				0.2201
1.815		0.70			0.05			2.1094				0.0586				0.2320
1.815		0.80			0.05			2.1420				0.0959				0.2356
1.815		0.89			0.04			2.2361				0.1688				0.2460
1.825		0.40			0.05			1.5665				0.0420				0.1723
1.825		0.50			0.05			1.6814				0.0423				0.1850
1.825		0.60			0.05			1.8070				0.0415				0.1988
1.825		0.70			0.05			2.0889				0.0522				0.2298
1.825		0.80			0.05			2.1664				0.0900				0.2383
1.825		0.89			0.04			2.3115				0.1823				0.2543
1.835		0.40			0.05			1.5526				0.0415				0.1708
1.835		0.50			0.05			1.6658				0.0447				0.1832
1.835		0.60			0.05			1.7952				0.0419				0.1975
1.835		0.70			0.05			2.0484				0.0501				0.2253
1.835		0.80			0.05			2.2582				0.0828				0.2484
1.845		0.40			0.05			1.5162				0.0398				0.1668
1.845		0.50			0.05			1.7219				0.0417				0.1894
1.845		0.60			0.05			1.7233				0.0388				0.1896
1.845		0.70			0.05			1.8975				0.0459				0.2087
1.845		0.80			0.05			2.0008				0.0728				0.2201
1.845		0.89			0.04			1.7865				0.1250				0.1965
1.855		0.40			0.05			1.6120				0.0455				0.1773
1.855		0.50			0.05			1.7273				0.0457				0.1900
1.855		0.60			0.05			1.8573				0.0462				0.2043
1.855		0.70			0.05			1.9973				0.0491				0.2197
1.855		0.80			0.05			1.9569				0.0742				0.2153
1.865		0.40			0.05			1.5906				0.0413				0.1750
1.865		0.50			0.05			1.6753				0.0404				0.1843
1.865		0.60			0.05			1.7973				0.0396				0.1977
1.865		0.70			0.05			1.9633				0.0478				0.2160
1.865		0.80			0.05			1.9899				0.0767				0.2189
1.865		0.89			0.04			1.9558				0.1382				0.2151
1.875		0.40			0.05			1.5824				0.0408				0.1741
1.875		0.50			0.05			1.6837				0.0409				0.1852
1.875		0.60			0.05			1.8114				0.0407				0.1993
1.875		0.70			0.05			1.8802				0.0451				0.2068
1.875		0.80			0.05			2.0079				0.0737				0.2209
1.875		0.89			0.04			2.3466				0.1596				0.2581
1.885		0.40			0.05			1.5278				0.0398				0.1681
1.885		0.50			0.05			1.5242				0.0498				0.1677
1.885		0.60			0.05			1.7152				0.0582				0.1887
1.885		0.70			0.05			1.8554				0.0478				0.2041
1.885		0.80			0.05			1.9094				0.0693				0.2100
1.885		0.89			0.04			2.2606				0.1686				0.2487
1.895		0.40			0.05			1.4580				0.0520				0.1604
1.895		0.50			0.05			1.6033				0.0545				0.1764
1.895		0.60			0.05			1.7572				0.0402				0.1933
1.895		0.70			0.05			1.8918				0.0452				0.2081
1.895		0.80			0.05			2.0359				0.0733				0.2239
1.895		0.89			0.04			2.1314				0.1664				0.2345
1.905		0.40			0.05			1.4710				0.0440				0.1618
1.905		0.50			0.05			1.6134				0.0378				0.1775
1.905		0.60			0.05			1.7304				0.0384				0.1903
1.905		0.70			0.05			1.8644				0.0425				0.2051
1.905		0.80			0.05			2.0789				0.0701				0.2287
1.905		0.89			0.04			2.1933				0.1427				0.2413
1.915		0.40			0.05			1.4555				0.0386				0.1601
1.915		0.50			0.05			1.6348				0.0374				0.1798
1.915		0.60			0.05			1.7435				0.0361				0.1918
1.915		0.70			0.05			2.0098				0.0427				0.2211
1.915		0.80			0.05			2.0494				0.0668				0.2254
1.915		0.89			0.04			2.5007				0.1558				0.2751
1.925		0.40			0.05			1.4511				0.0398				0.1596
1.925		0.50			0.05			1.5708				0.0379				0.1728
1.925		0.60			0.05			1.8173				0.0401				0.1999
1.925		0.70			0.05			1.9204				0.0449				0.2112
1.925		0.80			0.05			2.0687				0.0604				0.2276
1.925		0.89			0.04			2.5138				0.1651				0.2765
1.935		0.40			0.05			1.3857				0.0358				0.1524
1.935		0.50			0.05			1.5145				0.0353				0.1666
1.935		0.60			0.05			1.6909				0.0368				0.1860
1.935		0.70			0.05			1.9961				0.0433				0.2196
1.935		0.80			0.05			2.0156				0.0539				0.2217
1.935		0.89			0.04			2.5325				0.1403				0.2786
1.945		0.40			0.05			1.4754				0.0416				0.1623
1.945		0.50			0.05			1.5362				0.0446				0.1690
1.945		0.60			0.05			1.7880				0.0402				0.1967
1.945		0.70			0.05			2.0345				0.0457				0.2238
1.945		0.80			0.05			2.0836				0.0592				0.2292
1.945		0.89			0.04			2.3507				0.1262				0.2586
1.965		0.40			0.05			1.3663				0.0245				0.1503
1.965		0.50			0.05			1.4298				0.0238				0.1573
1.965		0.60			0.05			1.7131				0.0300				0.1884
1.965		0.70			0.05			1.9090				0.0296				0.2100
1.965		0.80			0.05			2.2226				0.0413				0.2445
1.965		0.89			0.04			2.2172				0.0921				0.2439
1.975		0.40			0.05			1.3002				0.0246				0.1430
1.975		0.50			0.05			1.4207				0.0240				0.1563
1.975		0.60			0.05			1.6070				0.0255				0.1768
1.975		0.70			0.05			1.7999				0.0290				0.1980
1.975		0.80			0.05			1.9390				0.0379				0.2133
1.975		0.89			0.04			2.1665				0.0997				0.2383
1.985		0.40			0.05			1.2488				0.0235				0.1374
1.985		0.50			0.05			1.5167				0.0251				0.1668
1.985		0.60			0.05			1.6239				0.0283				0.1786
1.985		0.70			0.05			1.8648				0.0294				0.2051
1.985		0.80			0.05			1.8724				0.0364				0.2060
1.985		0.89			0.04			1.8344				0.0730				0.2018
1.995		0.40			0.05			1.2200				0.0242				0.1342
1.995		0.50			0.05			1.4142				0.0249				0.1556
1.995		0.60			0.05			1.5763				0.0262				0.1734
1.995		0.70			0.05			1.8544				0.0308				0.2040
1.995		0.80			0.05			1.8711				0.0378				0.2058
1.995		0.89			0.04			1.9036				0.1042				0.2094
2.005		0.40			0.05			1.1912				0.0224				0.1310
2.005		0.50			0.05			1.3024				0.0215				0.1433
2.005		0.60			0.05			1.5556				0.0241				0.1711
2.005		0.70			0.05			1.6461				0.0258				0.1811
2.005		0.80			0.05			1.7690				0.0333				0.1946
2.005		0.89			0.04			1.9404				0.0998				0.2134
2.015		0.40			0.05			1.1624				0.0228				0.1279
2.015		0.50			0.05			1.3367				0.0232				0.1470
2.015		0.60			0.05			1.4877				0.0248				0.1636
2.015		0.70			0.05			1.5610				0.0260				0.1717
2.015		0.80			0.05			1.7822				0.0356				0.1960
2.015		0.89			0.04			2.1192				0.1224				0.2331
2.025		0.40			0.05			1.0511				0.0206				0.1156
2.025		0.50			0.05			1.2671				0.0219				0.1394
2.025		0.60			0.05			1.4269				0.0235				0.1570
2.025		0.70			0.05			1.6317				0.0269				0.1795
2.025		0.80			0.05			1.7204				0.0336				0.1892
2.025		0.89			0.04			1.7103				0.0745				0.1881
2.035		0.40			0.05			1.1171				0.0209				0.1229
2.035		0.50			0.05			1.3028				0.0221				0.1433
2.035		0.60			0.05			1.4619				0.0233				0.1608
2.035		0.70			0.05			1.7091				0.0272				0.1880
2.035		0.80			0.05			1.7970				0.0338				0.1977
2.035		0.89			0.04			1.8272				0.0983				0.2010
2.045		0.40			0.05			1.0654				0.0213				0.1172
2.045		0.50			0.05			1.2040				0.0217				0.1324
2.045		0.60			0.05			1.4470				0.0243				0.1592
2.045		0.70			0.05			1.6007				0.0273				0.1761
2.045		0.80			0.05			1.6841				0.0336				0.1853
2.045		0.89			0.04			2.1555				0.1181				0.2371
2.055		0.40			0.05			1.0768				0.0206				0.1184
2.055		0.50			0.05			1.1778				0.0203				0.1296
2.055		0.60			0.05			1.4385				0.0231				0.1582
2.055		0.70			0.05			1.7420				0.0280				0.1916
2.055		0.80			0.05			1.7498				0.0331				0.1925
2.055		0.89			0.04			1.7517				0.0993				0.1927
2.065		0.40			0.05			1.0821				0.0298				0.1190
2.065		0.50			0.05			1.2342				0.0218				0.1358
2.065		0.60			0.05			1.4178				0.0236				0.1560
2.065		0.70			0.05			1.5943				0.0266				0.1754
2.065		0.80			0.05			1.7459				0.0326				0.1920
2.065		0.89			0.04			1.9502				0.0958				0.2145
2.075		0.40			0.05			0.9999				0.0187				0.1100
2.075		0.50			0.05			1.1919				0.0203				0.1311
2.075		0.60			0.05			1.3680				0.0217				0.1505
2.075		0.70			0.05			1.5796				0.0249				0.1738
2.075		0.80			0.05			1.7557				0.0305				0.1931
2.075		0.89			0.04			1.8291				0.1011				0.2012
2.085		0.40			0.05			1.0472				0.0209				0.1152
2.085		0.50			0.05			1.2402				0.0227				0.1364
2.085		0.60			0.05			1.4336				0.0239				0.1577
2.085		0.70			0.05			1.7191				0.0287				0.1891
2.085		0.80			0.05			1.8071				0.0333				0.1988
2.085		0.89			0.04			1.9916				0.1352				0.2191
2.095		0.40			0.05			0.9542				0.0194				0.1050
2.095		0.50			0.05			1.1562				0.0206				0.1272
2.095		0.60			0.05			1.3964				0.0225				0.1536
2.095		0.70			0.05			1.6359				0.0264				0.1799
2.095		0.80			0.05			1.7839				0.0312				0.1962
2.095		0.89			0.04			1.9540				0.1286				0.2149
2.105		0.40			0.05			0.9024				0.0181				0.0993
2.105		0.50			0.05			1.1038				0.0199				0.1214
2.105		0.60			0.05			1.3011				0.0217				0.1431
2.105		0.70			0.05			1.5105				0.0252				0.1662
2.105		0.80			0.05			1.7027				0.0299				0.1873
2.105		0.89			0.04			1.6366				0.1037				0.1800
2.115		0.40			0.05			0.8536				0.0190				0.0939
2.115		0.50			0.05			1.0851				0.0207				0.1194
2.115		0.60			0.05			1.2999				0.0228				0.1430
2.115		0.70			0.05			1.4835				0.0264				0.1632
2.115		0.80			0.05			1.6860				0.0333				0.1855
2.115		0.89			0.04			1.8452				0.1346				0.2030
2.125		0.40			0.05			0.8401				0.0178				0.0924
2.125		0.50			0.05			1.0300				0.0187				0.1133
2.125		0.60			0.05			1.2613				0.0206				0.1387
2.125		0.70			0.05			1.5118				0.0248				0.1663
2.125		0.80			0.05			1.6147				0.0283				0.1776
2.125		0.88			0.03			1.7462				0.0663				0.1921
2.135		0.40			0.05			0.8057				0.0172				0.0886
2.135		0.50			0.05			0.9910				0.0185				0.1090
2.135		0.60			0.05			1.2392				0.0209				0.1363
2.135		0.70			0.05			1.4348				0.0262				0.1578
2.135		0.80			0.05			1.6412				0.0295				0.1805
2.135		0.88			0.03			1.7543				0.0584				0.1930
2.145		0.40			0.05			0.7643				0.0171				0.0841
2.145		0.50			0.05			0.9441				0.0195				0.1039
2.145		0.60			0.05			1.1948				0.0210				0.1314
2.145		0.70			0.05			1.3851				0.0246				0.1524
2.145		0.80			0.05			1.6906				0.0305				0.1860
2.145		0.88			0.03			1.6264				0.0537				0.1789
2.155		0.40			0.05			0.6911				0.0161				0.0760
2.155		0.50			0.05			0.8759				0.0175				0.0963
2.155		0.60			0.05			1.1161				0.0201				0.1228
2.155		0.70			0.05			1.4224				0.0255				0.1565
2.155		0.80			0.05			1.5290				0.0284				0.1682
2.155		0.88			0.03			1.5914				0.0544				0.1751
2.165		0.40			0.05			0.6723				0.0156				0.0740
2.165		0.50			0.05			0.8190				0.0165				0.0901
2.165		0.60			0.05			1.0626				0.0193				0.1169
2.165		0.70			0.05			1.3428				0.0241				0.1477
2.165		0.80			0.05			1.5269				0.0283				0.1680
2.165		0.88			0.03			1.6238				0.0549				0.1786
2.175		0.40			0.05			0.6582				0.0152				0.0724
2.175		0.50			0.05			0.8414				0.0169				0.0926
2.175		0.60			0.05			1.1350				0.0201				0.1249
2.175		0.70			0.05			1.3738				0.0243				0.1511
2.175		0.80			0.05			1.6109				0.0284				0.1772
2.175		0.88			0.03			1.7968				0.0591				0.1976
2.185		0.40			0.05			0.6413				0.0152				0.0705
2.185		0.50			0.05			0.8190				0.0169				0.0901
2.185		0.60			0.05			1.0407				0.0191				0.1145
2.185		0.70			0.05			1.2782				0.0234				0.1406
2.185		0.80			0.05			1.5131				0.0318				0.1664
2.185		0.88			0.03			1.6669				0.0563				0.1834
2.195		0.40			0.05			0.6662				0.0174				0.0733
2.195		0.50			0.05			0.8395				0.0190				0.0923
2.195		0.60			0.05			1.1459				0.0229				0.1260
2.195		0.70			0.05			1.3254				0.0262				0.1458
2.195		0.80			0.05			1.5863				0.0308				0.1745
2.195		0.88			0.03			1.7053				0.0614				0.1876
2.205		0.40			0.05			0.5885				0.0159				0.0647
2.205		0.50			0.05			0.7727				0.0191				0.0850
2.205		0.60			0.05			1.0613				0.0214				0.1167
2.205		0.70			0.05			1.3984				0.0272				0.1538
2.205		0.80			0.05			1.6776				0.0323				0.1845
2.205		0.88			0.03			1.5911				0.0568				0.1750
2.215		0.40			0.05			0.5313				0.0138				0.0584
2.215		0.50			0.05			0.6943				0.0157				0.0764
2.215		0.60			0.05			0.9801				0.0188				0.1078
2.215		0.70			0.05			1.2751				0.0238				0.1403
2.215		0.80			0.05			1.5369				0.0282				0.1691
2.215		0.88			0.03			1.5405				0.0515				0.1695
2.225		0.40			0.05			0.4936				0.0138				0.0543
2.225		0.50			0.05			0.6710				0.0156				0.0738
2.225		0.60			0.05			0.9612				0.0202				0.1057
2.225		0.70			0.05			1.2139				0.0233				0.1335
2.225		0.80			0.05			1.4710				0.0275				0.1618
2.225		0.88			0.03			1.6299				0.0552				0.1793
2.235		0.40			0.05			0.4541				0.0131				0.0500
2.235		0.50			0.05			0.6317				0.0149				0.0695
2.235		0.60			0.05			0.9216				0.0187				0.1014
2.235		0.70			0.05			1.1910				0.0235				0.1310
2.235		0.80			0.05			1.4829				0.0288				0.1631
2.235		0.88			0.03			1.5145				0.0550				0.1666
2.245		0.40			0.05			0.4457				0.0127				0.0490
2.245		0.50			0.05			0.6296				0.0150				0.0693
2.245		0.60			0.05			0.9119				0.0189				0.1003
2.245		0.70			0.05			1.1198				0.0223				0.1232
2.245		0.80			0.05			1.4506				0.0273				0.1596
2.245		0.88			0.03			1.3917				0.0614				0.1531
2.255		0.40			0.05			0.4396				0.0124				0.0484
2.255		0.50			0.05			0.6459				0.0147				0.0710
2.255		0.60			0.05			0.9139				0.0186				0.1005
2.255		0.70			0.05			1.2386				0.0232				0.1362
2.255		0.80			0.05			1.5650				0.0283				0.1721
2.255		0.88			0.03			1.5228				0.0649				0.1675
2.265		0.40			0.05			0.4230				0.0123				0.0465
2.265		0.50			0.05			0.6493				0.0153				0.0714
2.265		0.60			0.05			0.9484				0.0192				0.1043
2.265		0.70			0.05			1.1823				0.0230				0.1301
2.265		0.80			0.05			1.5488				0.0284				0.1704
2.265		0.88			0.03			1.6042				0.1054				0.1765
2.275		0.40			0.05			0.4292				0.0127				0.0472
2.275		0.50			0.05			0.6076				0.0147				0.0668
2.275		0.60			0.05			0.9005				0.0190				0.0991
2.275		0.70			0.05			1.2345				0.0244				0.1358
2.275		0.80			0.05			1.5447				0.0281				0.1699
2.275		0.88			0.03			1.6741				0.0593				0.1842
2.285		0.40			0.05			0.3738				0.0114				0.0411
2.285		0.50			0.05			0.5818				0.0139				0.0640
2.285		0.60			0.05			0.8456				0.0180				0.0930
2.285		0.70			0.05			1.1154				0.0220				0.1227
2.285		0.80			0.05			1.4531				0.0269				0.1598
2.285		0.88			0.03			1.5893				0.0524				0.1748
2.295		0.40			0.05			0.3938				0.0118				0.0433
2.295		0.50			0.05			0.5512				0.0137				0.0606
2.295		0.60			0.05			0.7780				0.0168				0.0856
2.295		0.70			0.05			1.1331				0.0223				0.1246
2.295		0.80			0.05			1.4314				0.0266				0.1575
2.295		0.88			0.03			1.3201				0.0465				0.1452
2.305		0.40			0.05			0.3479				0.0107				0.0383
2.305		0.50			0.05			0.5352				0.0130				0.0589
2.305		0.60			0.05			0.7943				0.0171				0.0874
2.305		0.70			0.05			1.0784				0.0213				0.1186
2.305		0.80			0.05			1.4643				0.0260				0.1611
2.305		0.88			0.03			1.4637				0.0478				0.1610
2.315		0.40			0.05			0.3132				0.0105				0.0345
2.315		0.50			0.05			0.4611				0.0125				0.0507
2.315		0.60			0.05			0.7016				0.0166				0.0772
2.315		0.70			0.05			0.9638				0.0202				0.1060
2.315		0.80			0.05			1.3491				0.0259				0.1484
2.315		0.88			0.03			1.3479				0.0502				0.1483
2.325		0.40			0.05			0.3253				0.0107				0.0358
2.325		0.50			0.05			0.4720				0.0126				0.0519
2.325		0.60			0.05			0.7214				0.0171				0.0794
2.325		0.70			0.05			0.9586				0.0202				0.1054
2.325		0.80			0.05			1.3336				0.0306				0.1467
2.325		0.88			0.03			1.3499				0.0536				0.1485
2.335		0.40			0.05			0.2818				0.0103				0.0310
2.335		0.50			0.05			0.4598				0.0136				0.0506
2.335		0.60			0.05			0.6642				0.0174				0.0731
2.335		0.70			0.05			0.9891				0.0210				0.1088
2.335		0.80			0.05			1.3358				0.0259				0.1469
2.335		0.88			0.03			1.2743				0.0455				0.1402
2.345		0.40			0.05			0.2613				0.0102				0.0287
2.345		0.50			0.05			0.4311				0.0122				0.0474
2.345		0.60			0.05			0.6979				0.0174				0.0768
2.345		0.70			0.05			0.9401				0.0203				0.1034
2.345		0.80			0.05			1.2779				0.0249				0.1406
2.345		0.88			0.03			1.2602				0.0475				0.1386
2.355		0.40			0.05			0.2711				0.0095				0.0298
2.355		0.50			0.05			0.4335				0.0118				0.0477
2.355		0.60			0.05			0.7259				0.0168				0.0798
2.355		0.70			0.05			1.0393				0.0211				0.1143
2.355		0.80			0.05			1.4173				0.0259				0.1559
2.355		0.88			0.03			1.4605				0.0554				0.1607
2.365		0.40			0.05			0.2806				0.0105				0.0309
2.365		0.50			0.05			0.4430				0.0133				0.0487
2.365		0.60			0.05			0.6926				0.0192				0.0762
2.365		0.70			0.05			1.0710				0.0237				0.1178
2.365		0.80			0.05			1.3580				0.0266				0.1494
2.365		0.88			0.03			1.4558				0.0622				0.1601
2.375		0.40			0.05			0.2362				0.0089				0.0260
2.375		0.50			0.05			0.4157				0.0119				0.0457
2.375		0.60			0.05			0.6612				0.0163				0.0727
2.375		0.70			0.05			1.0314				0.0214				0.1135
2.375		0.80			0.05			1.3140				0.0250				0.1445
2.375		0.88			0.03			1.4835				0.0609				0.1632
2.385		0.40			0.05			0.2111				0.0092				0.0232
2.385		0.50			0.05			0.3737				0.0131				0.0411
2.385		0.60			0.05			0.5455				0.0167				0.0600
2.385		0.70			0.05			0.8811				0.0215				0.0969
2.385		0.80			0.05			1.1525				0.0258				0.1268
2.385		0.88			0.03			1.2270				0.0552				0.1350
2.395		0.40			0.05			0.2142				0.0095				0.0236
2.395		0.50			0.05			0.3450				0.0120				0.0379
2.395		0.60			0.05			0.5962				0.0180				0.0656
2.395		0.70			0.05			0.8631				0.0261				0.0949
2.395		0.80			0.05			1.1592				0.0248				0.1275
2.395		0.88			0.03			1.2522				0.0612				0.1377
2.405		0.40			0.05			0.1945				0.0093				0.0214
2.405		0.50			0.05			0.3359				0.0119				0.0369
2.405		0.60			0.05			0.5276				0.0163				0.0580
2.405		0.70			0.05			0.8249				0.0206				0.0907
2.405		0.80			0.05			1.1468				0.0255				0.1261
2.405		0.88			0.03			1.0952				0.0636				0.1205
2.415		0.40			0.05			0.1839				0.0082				0.0202
2.415		0.50			0.05			0.3449				0.0115				0.0379
2.415		0.60			0.05			0.5770				0.0162				0.0635
2.415		0.70			0.05			0.8554				0.0200				0.0941
2.415		0.80			0.05			1.1602				0.0242				0.1276
2.415		0.88			0.03			1.3088				0.0810				0.1440
2.425		0.40			0.05			0.1701				0.0075				0.0187
2.425		0.50			0.05			0.3116				0.0100				0.0343
2.425		0.60			0.05			0.5545				0.0151				0.0610
2.425		0.70			0.05			0.8711				0.0195				0.0958
2.425		0.80			0.05			1.2416				0.0275				0.1366
2.425		0.88			0.03			1.3030				0.0832				0.1433
2.435		0.40			0.05			0.1639				0.0077				0.0180
2.435		0.50			0.05			0.3165				0.0106				0.0348
2.435		0.60			0.05			0.5375				0.0153				0.0591
2.435		0.70			0.05			0.8112				0.0192				0.0892
2.435		0.80			0.05			1.1859				0.0248				0.1304
2.435		0.88			0.03			1.0428				0.0733				0.1147
2.445		0.40			0.05			0.1626				0.0076				0.0179
2.445		0.50			0.05			0.3252				0.0105				0.0358
2.445		0.60			0.05			0.5608				0.0214				0.0617
2.445		0.70			0.05			0.9249				0.0299				0.1017
2.445		0.80			0.05			1.1498				0.0330				0.1265
2.445		0.88			0.03			0.9476				0.1084				0.1042
2.455		0.40			0.05			0.1458				0.0070				0.0160
2.455		0.50			0.05			0.3034				0.0101				0.0334
2.455		0.60			0.05			0.5222				0.0150				0.0574
2.455		0.70			0.05			0.7882				0.0180				0.0867
2.455		0.80			0.05			1.1478				0.0254				0.1263
2.455		0.88			0.03			0.8592				0.0804				0.0945
2.465		0.40			0.05			0.1563				0.0077				0.0172
2.465		0.50			0.05			0.2750				0.0107				0.0303
2.465		0.60			0.05			0.5307				0.0162				0.0584
2.465		0.70			0.05			0.7985				0.0195				0.0878
2.465		0.80			0.05			1.1210				0.0241				0.1233
2.465		0.87			0.02			1.1203				0.0430				0.1232
2.475		0.40			0.05			0.1399				0.0069				0.0154
2.475		0.50			0.05			0.2678				0.0098				0.0295
2.475		0.60			0.05			0.4799				0.0146				0.0528
2.475		0.70			0.05			0.8116				0.0190				0.0893
2.475		0.80			0.05			1.1442				0.0229				0.1259
2.475		0.87			0.02			1.1938				0.0588				0.1313
2.485		0.40			0.05			0.1342				0.0067				0.0148
2.485		0.50			0.05			0.2706				0.0099				0.0298
2.485		0.60			0.05			0.5173				0.0203				0.0569
2.485		0.70			0.05			0.8382				0.0256				0.0922
2.485		0.80			0.05			1.1559				0.0282				0.1271
2.485		0.87			0.02			1.2641				0.0606				0.1391
2.495		0.40			0.05			0.1304				0.0068				0.0143
2.495		0.50			0.05			0.2517				0.0094				0.0277
2.495		0.60			0.05			0.4662				0.0144				0.0513
2.495		0.70			0.05			0.7507				0.0239				0.0826
2.495		0.80			0.05			1.0280				0.0350				0.1131
2.495		0.87			0.02			1.2025				0.0634				0.1323
2.505		0.40			0.05			0.1374				0.0069				0.0151
2.505		0.50			0.05			0.2466				0.0097				0.0271
2.505		0.60			0.05			0.4555				0.0141				0.0501
2.505		0.70			0.05			0.7195				0.0177				0.0791
2.505		0.80			0.05			1.1269				0.0241				0.1240
2.505		0.87			0.02			1.0959				0.0424				0.1205
2.515		0.40			0.05			0.1146				0.0061				0.0126
2.515		0.50			0.05			0.2397				0.0091				0.0264
2.515		0.60			0.05			0.4597				0.0141				0.0506
2.515		0.70			0.05			0.7191				0.0200				0.0791
2.515		0.80			0.05			1.0944				0.0235				0.1204
2.515		0.87			0.02			1.1769				0.0461				0.1295
2.525		0.40			0.05			0.1078				0.0065				0.0119
2.525		0.50			0.05			0.2303				0.0099				0.0253
2.525		0.60			0.05			0.4289				0.0144				0.0472
2.525		0.70			0.05			0.7463				0.0194				0.0821
2.525		0.80			0.05			1.0618				0.0238				0.1168
2.525		0.87			0.02			1.0559				0.0430				0.1161
2.535		0.40			0.05			0.0946				0.0056				0.0104
2.535		0.50			0.05			0.2124				0.0086				0.0234
2.535		0.60			0.05			0.3884				0.0125				0.0427
2.535		0.70			0.05			0.6829				0.0171				0.0751
2.535		0.80			0.05			1.0067				0.0209				0.1107
2.535		0.87			0.02			1.1456				0.0436				0.1260
2.545		0.40			0.05			0.0941				0.0067				0.0104
2.545		0.50			0.05			0.2163				0.0090				0.0238
2.545		0.60			0.05			0.4064				0.0134				0.0447
2.545		0.70			0.05			0.7395				0.0184				0.0813
2.545		0.80			0.05			1.0303				0.0218				0.1133
2.545		0.87			0.02			1.0945				0.0435				0.1204
2.555		0.40			0.05			0.0991				0.0058				0.0109
2.555		0.50			0.05			0.1906				0.0087				0.0210
2.555		0.60			0.05			0.3904				0.0138				0.0429
2.555		0.70			0.05			0.6926				0.0213				0.0762
2.555		0.80			0.05			1.0333				0.0258				0.1137
2.555		0.87			0.02			1.2542				0.0524				0.1380
2.565		0.40			0.05			0.0963				0.0057				0.0106
2.565		0.50			0.05			0.1954				0.0084				0.0215
2.565		0.60			0.05			0.3940				0.0129				0.0433
2.565		0.70			0.05			0.6990				0.0176				0.0769
2.565		0.80			0.05			1.0463				0.0222				0.1151
2.565		0.87			0.02			1.0448				0.0450				0.1149
2.575		0.40			0.05			0.0828				0.0052				0.0091
2.575		0.50			0.05			0.1613				0.0078				0.0177
2.575		0.60			0.05			0.3557				0.0121				0.0391
2.575		0.70			0.05			0.6506				0.0171				0.0716
2.575		0.80			0.05			0.9421				0.0222				0.1036
2.575		0.87			0.02			1.1528				0.0664				0.1268
2.585		0.40			0.05			0.0756				0.0054				0.0083
2.585		0.50			0.05			0.1693				0.0087				0.0186
2.585		0.60			0.05			0.3367				0.0130				0.0370
2.585		0.70			0.05			0.6207				0.0179				0.0683
2.585		0.80			0.05			0.9633				0.0226				0.1060
2.585		0.87			0.02			1.0632				0.0492				0.1170
2.595		0.40			0.05			0.0828				0.0058				0.0091
2.595		0.50			0.05			0.1668				0.0090				0.0183
2.595		0.60			0.05			0.3360				0.0131				0.0370
2.595		0.70			0.05			0.5697				0.0172				0.0627
2.595		0.80			0.05			0.9055				0.0221				0.0996
2.595		0.87			0.02			0.9959				0.0500				0.1095
2.605		0.40			0.05			0.0726				0.0043				0.0080
2.605		0.50			0.05			0.1781				0.0078				0.0196
2.605		0.60			0.05			0.3283				0.0098				0.0361
2.605		0.70			0.05			0.5881				0.0135				0.0647
2.605		0.80			0.05			0.9491				0.0179				0.1044
2.605		0.87			0.02			1.0555				0.0425				0.1161
2.615		0.40			0.05			0.0738				0.0039				0.0081
2.615		0.50			0.05			0.1528				0.0063				0.0168
2.615		0.60			0.05			0.3101				0.0094				0.0341
2.615		0.70			0.05			0.5933				0.0136				0.0653
2.615		0.80			0.05			0.9717				0.0178				0.1069
2.615		0.87			0.02			0.9172				0.0365				0.1009
2.625		0.40			0.05			0.0603				0.0043				0.0066
2.625		0.50			0.05			0.1428				0.0073				0.0157
2.625		0.60			0.05			0.3121				0.0119				0.0343
2.625		0.70			0.05			0.5941				0.0224				0.0654
2.625		0.80			0.05			0.9447				0.0239				0.1039
2.625		0.87			0.02			1.0540				0.0522				0.1159
2.635		0.40			0.05			0.0625				0.0046				0.0069
2.635		0.50			0.05			0.1342				0.0075				0.0148
2.635		0.60			0.05			0.2591				0.0105				0.0285
2.635		0.70			0.05			0.5640				0.0164				0.0620
2.635		0.80			0.05			0.8918				0.0206				0.0981
2.635		0.87			0.02			1.1291				0.0599				0.1242
2.645		0.40			0.05			0.0581				0.0043				0.0064
2.645		0.50			0.05			0.1352				0.0073				0.0149
2.645		0.60			0.05			0.2756				0.0108				0.0303
2.645		0.70			0.05			0.4968				0.0144				0.0546
2.645		0.80			0.05			0.8348				0.0198				0.0918
2.645		0.87			0.02			0.9186				0.0525				0.1010
2.655		0.40			0.05			0.0553				0.0041				0.0061
2.655		0.50			0.05			0.1169				0.0068				0.0129
2.655		0.60			0.05			0.2498				0.0100				0.0275
2.655		0.70			0.05			0.5100				0.0150				0.0561
2.655		0.80			0.05			0.8518				0.0200				0.0937
2.655		0.87			0.02			0.9739				0.0581				0.1071
2.665		0.40			0.05			0.0466				0.0036				0.0051
2.665		0.50			0.05			0.1143				0.0065				0.0126
2.665		0.60			0.05			0.2490				0.0096				0.0274
2.665		0.70			0.05			0.5323				0.0152				0.0586
2.665		0.80			0.05			0.8190				0.0191				0.0901
2.665		0.87			0.02			0.8076				0.0514				0.0888
2.675		0.40			0.05			0.0481				0.0039				0.0053
2.675		0.50			0.05			0.1090				0.0066				0.0120
2.675		0.60			0.05			0.2564				0.0104				0.0282
2.675		0.70			0.05			0.5096				0.0155				0.0561
2.675		0.80			0.05			0.8544				0.0203				0.0940
2.675		0.87			0.02			0.9117				0.0615				0.1003
2.685		0.40			0.05			0.0414				0.0039				0.0046
2.685		0.50			0.05			0.1202				0.0076				0.0132
2.685		0.60			0.05			0.2491				0.0111				0.0274
2.685		0.70			0.05			0.5067				0.0167				0.0557
2.685		0.80			0.05			0.8205				0.0214				0.0903
2.685		0.87			0.02			0.8221				0.0749				0.0904
2.695		0.40			0.05			0.0405				0.0038				0.0045
2.695		0.50			0.05			0.0936				0.0065				0.0103
2.695		0.60			0.05			0.2358				0.0102				0.0259
2.695		0.70			0.05			0.4813				0.0153				0.0529
2.695		0.80			0.05			0.7893				0.0198				0.0868
2.695		0.87			0.02			0.9527				0.0830				0.1048
2.705		0.40			0.05			0.0452				0.0041				0.0050
2.705		0.50			0.05			0.0930				0.0069				0.0102
2.705		0.60			0.05			0.2324				0.0114				0.0256
2.705		0.70			0.05			0.4619				0.0178				0.0508
2.705		0.80			0.05			0.7611				0.0214				0.0837
2.705		0.87			0.02			0.9524				0.1243				0.1048
2.715		0.40			0.05			0.0379				0.0034				0.0042
2.715		0.50			0.05			0.0967				0.0061				0.0106
2.715		0.60			0.05			0.2214				0.0091				0.0244
2.715		0.70			0.05			0.4291				0.0136				0.0472
2.715		0.80			0.05			0.8372				0.0195				0.0921
2.715		0.87			0.02			0.9969				0.1724				0.1097
2.725		0.40			0.05			0.0401				0.0036				0.0044
2.725		0.50			0.05			0.1021				0.0064				0.0112
2.725		0.60			0.05			0.2095				0.0094				0.0230
2.725		0.70			0.05			0.4270				0.0135				0.0470
2.725		0.80			0.05			0.7706				0.0189				0.0848
2.725		0.87			0.02			1.1275				0.4561				0.1240
2.755		0.40			0.05			0.0337				0.0034				0.0037
2.755		0.50			0.05			0.0724				0.0054				0.0080
2.755		0.60			0.05			0.1758				0.0085				0.0193
2.755		0.70			0.05			0.3668				0.0126				0.0403
2.755		0.80			0.05			0.6986				0.0181				0.0768
2.755		0.86			0.01			0.8673				0.0526				0.0954
2.765		0.40			0.05			0.0364				0.0034				0.0040
2.765		0.50			0.05			0.0739				0.0054				0.0081
2.765		0.60			0.05			0.1725				0.0080				0.0190
2.765		0.70			0.05			0.4106				0.0132				0.0452
2.765		0.80			0.05			0.7468				0.0185				0.0821
2.765		0.86			0.01			0.8612				0.0584				0.0947
2.775		0.40			0.05			0.0273				0.0033				0.0030
2.775		0.50			0.05			0.0654				0.0050				0.0072
2.775		0.60			0.05			0.1733				0.0082				0.0191
2.775		0.70			0.05			0.3602				0.0121				0.0396
2.775		0.80			0.05			0.7053				0.0177				0.0776
2.775		0.86			0.01			0.8938				0.0626				0.0983
2.785		0.40			0.05			0.0260				0.0030				0.0029
2.785		0.50			0.05			0.0594				0.0049				0.0065
2.785		0.60			0.05			0.1641				0.0081				0.0181
2.785		0.70			0.05			0.3656				0.0125				0.0402
2.785		0.80			0.05			0.6647				0.0178				0.0731
2.785		0.86			0.01			0.8840				0.0580				0.0972
2.795		0.40			0.05			0.0274				0.0031				0.0030
2.795		0.50			0.05			0.0571				0.0050				0.0063
2.795		0.60			0.05			0.1741				0.0090				0.0192
2.795		0.70			0.05			0.3623				0.0131				0.0399
2.795		0.80			0.05			0.7175				0.0196				0.0789
2.795		0.86			0.01			0.7328				0.0553				0.0806
2.805		0.40			0.05			0.0283				0.0029				0.0031
2.805		0.50			0.05			0.0558				0.0046				0.0061
2.805		0.60			0.05			0.1556				0.0077				0.0171
2.805		0.70			0.05			0.3332				0.0120				0.0367
2.805		0.80			0.05			0.6412				0.0169				0.0705
2.805		0.86			0.01			0.6564				0.0463				0.0722
2.815		0.40			0.05			0.0304				0.0034				0.0033
2.815		0.50			0.05			0.0640				0.0057				0.0070
2.815		0.60			0.05			0.1313				0.0083				0.0144
2.815		0.70			0.05			0.3393				0.0158				0.0373
2.815		0.80			0.05			0.6170				0.0193				0.0679
2.815		0.86			0.01			0.8791				0.0634				0.0967
2.825		0.40			0.05			0.0233				0.0028				0.0026
2.825		0.50			0.05			0.0567				0.0047				0.0062
2.825		0.60			0.05			0.1406				0.0076				0.0155
2.825		0.70			0.05			0.3254				0.0120				0.0358
2.825		0.80			0.05			0.6660				0.0179				0.0733
2.825		0.86			0.01			0.7636				0.0573				0.0840
2.835		0.40			0.05			0.0226				0.0028				0.0025
2.835		0.50			0.05			0.0499				0.0044				0.0055
2.835		0.60			0.05			0.1308				0.0072				0.0144
2.835		0.70			0.05			0.2985				0.0116				0.0328
2.835		0.80			0.05			0.5703				0.0164				0.0627
2.835		0.86			0.01			0.7373				0.0633				0.0811
