#		:::::::::::::::::::::::::::::::::::::::::::::::
#			SPring-8 - data (2003)	(K-Lambda)
#		:::::::::::::::::::::::::::::::::::::::::::::::


# R.G.T. Zegers et al. Phys. Rev. Lett. B ??? (2003)


$vars: wlab_min (GeV) & wlab_max (GeV) & / & / & / & costhkcm & S -sysErr & /


#   E_gamma (GeV)      	 cos(theta)	    Sigma 
# ------------------ 	-------------  ------------------
1.5	1.6	1.55	.60  .70 .660  .28 .014 .104 .106
1.5	1.6	1.55	.70  .80 .754  .25 .014 .077 .079
1.5	1.6	1.55 	.80  .90 .855  .25 .014 .070 .072
1.5	1.6	1.55	.90  .95 .926  .20 .014 .067 .069
1.5	1.6	1.55	.95 1.00 .972  .12 .014 .075 .076
1.6	1.7	1.65	.60  .70 .658  .28 .014 .087 .088
1.6	1.7	1.65	.70  .80 .751  .23 .014 .066 .068
1.6	1.7	1.65	.80  .90 .856  .23 .014 .063 .064
1.6	1.7	1.65	.90  .95 .925  .12 .014 .058 .059
1.6	1.7	1.65	.95 1.00 .973  .14 .014 .064 .066
1.7	1.8	1.75	.60  .70 .658  .17 .014 .072 .074
1.7	1.8	1.75	.70  .80 .753  .25 .014 .058 .060
1.7	1.8	1.75	.80  .90 .855  .31 .014 .057 .058
1.7	1.8	1.75	.90  .95 .925  .27 .014 .053 .055
1.7	1.8	1.75	.95 1.00 .973 -.07 .014 .061 .062
1.8	1.9	1.85	.60  .70 .658  .16 .014 .059 .061
1.8	1.9	1.85	.70  .80 .753  .20 .014 .049 .051
1.8	1.9	1.85	.80  .90 .855  .29 .014 .046 .048
1.8	1.9	1.85	.90  .95 .926  .27 .014 .044 .046
1.8	1.9	1.85	.95 1.00 .973  .17 .014 .050 .052
1.9	2.0	1.95	.60  .70 .656  .24 .014 .054 .056
1.9	2.0	1.95	.70  .80 .753  .26 .014 .047 .049
1.9	2.0	1.95	.80  .90 .856  .27 .014 .043 .045
1.9	2.0	1.95	.90  .95 .925  .39 .014 .041 .043
1.9	2.0	1.95	.95 1.00 .973  .18 .014 .047 .049
2.0	2.1	2.05	.60  .70 .657  .21 .014 .048 .050
2.0	2.1	2.05	.70  .80 .754  .35 .014 .042 .044
2.0	2.1	2.05	.80  .90 .857  .31 .014 .036 .039
2.0	2.1	2.05	.90  .95 .925  .44 .014 .034 .037
2.0	2.1	2.05	.95 1.00 .973  .23 .014 .039 .042
2.1	2.2	2.15	.60  .70 .656  .34 .014 .048 .050
2.1	2.2	2.15	.70  .80 .754  .36 .014 .041 .044
2.1	2.2	2.15	.80  .90 .857  .47 .014 .034 .037
2.1	2.2	2.15	.90  .95 .926  .50 .014 .033 .036
2.1	2.2	2.15	.95 1.00 .973  .23 .014 .038 .041
2.2	2.3	2.25	.60  .70 .654  .35 .014 .045 .047
2.2	2.3	2.25	.70  .80 .754  .44 .014 .038 .041
2.2	2.3	2.25	.80  .90 .857  .52 .014 .030 .033
2.2	2.3	2.25	.90  .95 .925  .46 .014 .030 .034
2.2	2.3	2.25	.95 1.00 .973  .24 .014 .035 .038
2.3	2.4	2.35	.60  .70 .656  .44 .014 .051 .053
2.3	2.4	2.35	.70  .80 .754  .43 .014 .043 .045
2.3	2.4	2.35	.80  .90 .857  .50 .014 .033 .036
2.3	2.4	2.35	.90  .95 .924  .53 .014 .035 .038
2.3	2.4	2.35	.95 1.00 .973  .23 .014 .043 .046
