#                :::::::::::::::::::::::::::::::::::::::::::::::
#			SAPHIR   data (1998)	(K-Lambda)
#	         :::::::::::::::::::::::::::::::::::::::::::::::
#
#
# M.Q. Tran et al. Phys. Lett. B 445, 20 (1998)

$vars: wlab_min (GeV) & wlab_max (GeV) & totcs -sysErr

# E_gamma (GeV)                dsigma (myb)
# -------------    ----------------------------------
0.9111   0.925  0.0627        0.0351        0.0247
0.925   0.95    0.5575        0.0666        0.0324
0.95    0.975   0.9659        0.0870        0.0390
0.975   1.00    1.4710        0.1059        0.0448
1.00    1.05    1.8349        0.0829        0.0517
1.05    1.10    2.1335        0.0916        0.0583
1.10    1.15    2.0199        0.0941        0.0624
1.15    1.20    1.7608        0.0876        0.0644
1.20    1.25    1.9382        0.0818        0.0650
1.25    1.30    1.8188        0.0722        0.0647
1.30    1.35    1.9793        0.0823        0.0640
1.35    1.40    1.8690        0.0808        0.0635
1.40    1.45    1.9285        0.0833        0.0637
1.45    1.50    1.9749        0.0976        0.0652
1.50    1.55    1.9938        0.0997        0.0685
1.55    1.60    1.7357        0.1432        0.0742
1.60    1.65    1.5129        0.1352        0.0828
1.65    1.70    1.3925        0.1256        0.0949
1.70    1.75    1.2646        0.1366        0.1110
1.75    1.80    1.0478        0.1199        0.1316
1.80    1.85    1.3222        0.1501        0.1573
1.85    1.90    1.2047        0.1507        0.1887
1.90    1.95     .9064        0.1263        0.2263
1.95    2.00    1.0427        0.1254        0.2706
