# $\gamma p \rightarrow K^{+} \Lambda$ results from McCracken, et al. (CLAS Collaboration) 2009
# for submission to PRC
# preprint found at http://arxiv.org/abs/0912.4274

# dsigma/dcos(theta) and recoil polarization results are
# given with reference to the K+ scattering angle in the
# center-of-mass frame.

# Center-of-mass-energy binning width is 10 MeV.


$vars: w (GeV) & costhkcm & / & P -sysErr


# ----------------------------------------------------------------------------------------------------------------------------------------------
# Lambda Recoil Polarization (P_{Lambda}) Results :::::::::::::::::::::::::::::::::::::::::::::::::::::::::::::::::::::::::::::::::::::::::::::
# ----------------------------------------------------------------------------------------------------------------------------------------------
# W (GeV)		cos(theta)		cos(theta)_err		P		P_err	syst
# ----------------------------------------------------------------------------------------------------------------------------------------------
2.605		0.40			0.05			-0.1022				0.0781				0.0500
2.605		0.50			0.05			-0.2006				0.0762				0.0500
2.605		0.60			0.05			-0.4444				0.0717				0.0500
2.605		0.70			0.05			-0.6148				0.0740				0.0500
2.605		0.80			0.05			-0.7932				0.0562				0.0500
2.605		0.87			0.02			-0.8367				0.0450				0.0500
2.615		0.40			0.05			-0.0588				0.1017				0.0500
2.615		0.50			0.05			-0.2467				0.0856				0.0500
2.615		0.60			0.05			-0.4849				0.0750				0.0500
2.615		0.70			0.05			-0.6634				0.0610				0.0500
2.615		0.80			0.05			-0.8080				0.0519				0.0500
2.615		0.87			0.02			-0.8238				0.0403				0.0500
2.625		0.40			0.05			0.1401				0.1200				0.0500
2.625		0.50			0.05			-0.0651				0.0821				0.0500
2.625		0.60			0.05			-0.3589				0.0378				0.0500
2.625		0.70			0.05			-0.6466				0.0240				0.0500
2.625		0.80			0.05			-0.7891				0.0364				0.0500
2.625		0.87			0.02			-0.6789				0.0362				0.0500
2.635		0.40			0.05			0.0224				0.0836				0.0500
2.635		0.50			0.05			-0.1057				0.0329				0.0500
2.635		0.60			0.05			-0.3909				0.0335				0.0500
2.635		0.70			0.05			-0.6207				0.0242				0.0500
2.635		0.80			0.05			-0.7722				0.0270				0.0500
2.635		0.87			0.02			-0.7976				0.0297				0.0500
2.645		0.40			0.05			0.0913				0.1033				0.0500
2.645		0.50			0.05			-0.1511				0.0527				0.0500
2.645		0.60			0.05			-0.4224				0.0286				0.0500
2.645		0.70			0.05			-0.6485				0.0313				0.0500
2.645		0.80			0.05			-0.8016				0.0489				0.0500
2.645		0.87			0.02			-0.8116				0.0600				0.0500
2.655		0.40			0.05			-0.0702				0.1442				0.0500
2.655		0.50			0.05			-0.1798				0.0823				0.0500
2.655		0.60			0.05			-0.3884				0.0683				0.0500
2.655		0.70			0.05			-0.6545				0.0573				0.0500
2.655		0.80			0.05			-0.8602				0.0724				0.0500
2.655		0.87			0.02			-0.9464				0.0848				0.0500
2.665		0.40			0.05			0.0362				0.1003				0.0500
2.665		0.50			0.05			0.0525				0.0734				0.0500
2.665		0.60			0.05			-0.3116				0.0590				0.0500
2.665		0.70			0.05			-0.5789				0.0524				0.0500
2.665		0.80			0.05			-0.6838				0.0841				0.0500
2.665		0.87			0.02			-0.6507				0.1103				0.0500
2.675		0.40			0.05			0.0775				0.0885				0.0500
2.675		0.50			0.05			-0.1496				0.0620				0.0500
2.675		0.60			0.05			-0.4298				0.0562				0.0500
2.675		0.70			0.05			-0.6431				0.0431				0.0500
2.675		0.80			0.05			-0.7249				0.0646				0.0500
2.675		0.87			0.02			-0.6778				0.0779				0.0500
2.685		0.40			0.05			0.0051				0.1023				0.0500
2.685		0.50			0.05			-0.1356				0.0543				0.0500
2.685		0.60			0.05			-0.4125				0.0535				0.0500
2.685		0.70			0.05			-0.6357				0.0399				0.0500
2.685		0.80			0.05			-0.7804				0.0566				0.0500
2.685		0.87			0.02			-0.8225				0.0690				0.0500
2.695		0.40			0.05			0.1023				0.1311				0.0500
2.695		0.50			0.05			-0.1051				0.1228				0.0500
2.695		0.60			0.05			-0.4869				0.0712				0.0500
2.695		0.70			0.05			-0.6979				0.0488				0.0500
2.695		0.80			0.05			-0.7624				0.0453				0.0500
2.695		0.87			0.02			-0.6526				0.0448				0.0500
2.705		0.50			0.05			-0.1755				0.1178				0.0500
2.705		0.60			0.05			-0.2612				0.0842				0.0500
2.705		0.70			0.05			-0.5836				0.0544				0.0500
2.705		0.80			0.05			-0.8212				0.0442				0.0500
2.705		0.87			0.02			-0.7633				0.0422				0.0500
2.715		0.50			0.05			-0.2525				0.1015				0.0500
2.715		0.60			0.05			-0.4770				0.0650				0.0500
2.715		0.70			0.05			-0.6371				0.0525				0.0500
2.715		0.80			0.05			-0.7623				0.0324				0.0500
2.715		0.87			0.02			-0.7965				0.0283				0.0500
2.725		0.50			0.05			-0.1464				0.0887				0.0500
2.725		0.60			0.05			-0.4644				0.0638				0.0500
2.725		0.70			0.05			-0.6773				0.0493				0.0500
2.725		0.80			0.05			-0.8034				0.0288				0.0500
2.725		0.87			0.02			-0.8170				0.0274				0.0500
2.735		0.50			0.05			-0.1688				0.1364				0.0500
2.735		0.60			0.05			-0.3892				0.1044				0.0500
2.735		0.70			0.05			-0.6100				0.0601				0.0500
2.735		0.80			0.05			-0.7652				0.0512				0.0500
2.735		0.86			0.01			-0.7988				0.0391				0.0500
2.745		0.50			0.05			0.1805				0.1370				0.0500
2.745		0.60			0.05			-0.5081				0.0757				0.0500
2.745		0.70			0.05			-0.7783				0.0517				0.0500
2.745		0.80			0.05			-0.7924				0.0629				0.0500
2.745		0.86			0.01			-0.6427				0.0492				0.0500
2.755		0.50			0.05			-0.0836				0.1554				0.0500
2.755		0.60			0.05			-0.3113				0.0978				0.0500
2.755		0.70			0.05			-0.5818				0.0628				0.0500
2.755		0.80			0.05			-0.8027				0.0641				0.0500
2.755		0.86			0.01			-0.8043				0.0551				0.0500
2.765		0.50			0.05			-0.2536				0.1053				0.0500
2.765		0.60			0.05			-0.5004				0.0678				0.0500
2.765		0.70			0.05			-0.6410				0.0625				0.0500
2.765		0.80			0.05			-0.8145				0.0524				0.0500
2.765		0.86			0.01			-0.9136				0.0395				0.0500
2.775		0.50			0.05			-0.1788				0.0638				0.0500
2.775		0.60			0.05			-0.3967				0.0515				0.0500
2.775		0.70			0.05			-0.5178				0.0538				0.0500
2.775		0.80			0.05			-0.7499				0.0633				0.0500
2.775		0.86			0.01			-0.8523				0.0609				0.0500
2.785		0.50			0.05			-0.2963				0.1156				0.0500
2.785		0.60			0.05			-0.3981				0.0714				0.0500
2.785		0.70			0.05			-0.6467				0.0758				0.0500
2.785		0.80			0.05			-0.7732				0.0822				0.0500
2.785		0.86			0.01			-0.6959				0.0786				0.0500
2.795		0.50			0.05			-0.1340				0.1721				0.0500
2.795		0.60			0.05			-0.4636				0.0811				0.0500
2.795		0.70			0.05			-0.7449				0.0771				0.0500
2.795		0.80			0.05			-0.8749				0.0680				0.0500
2.795		0.86			0.01			-0.8788				0.0583				0.0500
2.805		0.50			0.05			0.1074				0.1571				0.0500
2.805		0.60			0.05			-0.2405				0.0847				0.0500
2.805		0.70			0.05			-0.5023				0.0842				0.0500
2.805		0.80			0.05			-0.8209				0.0396				0.0500
2.805		0.86			0.01			-0.8257				0.0080				0.0500
2.815		0.50			0.05			-0.0344				0.0419				0.0500
2.815		0.60			0.05			-0.3104				0.0408				0.0500
2.815		0.70			0.05			-0.6093				0.0386				0.0500
2.815		0.80			0.05			-0.7947				0.0332				0.0500
2.815		0.86			0.01			-0.8309				0.0284				0.0500
2.825		0.50			0.05			0.0019				0.2033				0.0500
2.825		0.60			0.05			-0.1994				0.1190				0.0500
2.825		0.70			0.05			-0.5467				0.0589				0.0500
2.825		0.80			0.05			-0.7299				0.0330				0.0500
2.825		0.86			0.01			-0.8332				0.0275				0.0500
2.835		0.50			0.05			0.4969				0.4171				0.0500
2.835		0.60			0.05			-0.3047				0.2383				0.0500
2.835		0.70			0.05			-0.5849				0.1250				0.0500
2.835		0.80			0.05			-0.7665				0.0608				0.0500
2.835		0.86			0.01			-0.8062				0.0262				0.0500
