GRAAL - K Sigma0 - Beam asymmetries (statistical+systematical errors)

     1.173
    18.130     .1749     .3758
    39.488     .2776     .1689
    63.773     .3345     .0823
    90.482     .4281     .0971
   114.354     .3420     .1171
   136.869     .2051     .1888

     1.223
    18.850    -.0246     .3986
    38.952     .2132     .0642
    63.951     .5306     .1344
    90.219     .5268     .0458
   113.355     .4937     .0890
   135.897     .6386     .1607

     1.273
    18.409     .0977     .1383
    39.804     .2412     .0974
    64.693     .4110     .0942
    90.649     .4989     .0469
   113.601     .5009     .0988
   136.386     .4373     .1709

     1.321
    19.043     .1055     .4106
    39.326     .1877     .0721
    64.903     .4180     .0796
    90.500     .5418     .0384
   113.591     .5346     .0437
   137.204     .1540     .1389

     1.371
    19.460     .3106     .1967
    39.892     .2161     .0694
    65.139     .4712     .0583
    90.551     .5148     .0359
   113.229     .4713     .0458
   137.195     .1579     .2436

     1.421
    19.366     .0761     .1590
    39.665     .2402     .0416
    65.035     .3823     .0917
    90.740     .4967     .0412
   113.586     .5343     .0332
   137.543     .2091     .1019

     1.466
    18.945     .0350     .0993
    39.964     .1979     .0624
    65.903     .4608     .0942
    90.775     .5125     .0845
   113.832     .4359     .0457
   137.731     .0606     .1320

0.0
