# CLAS physics database search results
# Measurement E33M1
# g11a
# Biplab Dey, Curtis Meyer
# Published in Phys. Rev. C 82, 025202 (2010)


$vars: w (GeV) & costhkcm & diffcs -dcos -sysErr


# W	cos(theta_K+)	dsigma/dcos(theta K+)	Data errors	Systematic errors
# GeV	dimensionless	mcb	mcb	mcb
# <data diffcs >
1.695 0 0.22273167618714 0.17975219005978 0.181001520355475
1.695 0.1 0.141382318370623 0.126022121178533 0.12674057906913
1.695 0.2 0.10095649345037 0.094599392780429 0.0950875449202233
1.695 0.3 0.0650409898229328 0.0631611745946538 0.0634646866731748
1.695 0.4 0.0822570156575699 0.0765085646735543 0.0769092415108198
1.695 0.4999 0.12910581422925 0.108746815791212 0.109440857385035
1.705 0 0.389309649618031 0.0840672431466415 0.0919067445286465
1.705 0.1 0.369108573438545 0.0830123446544225 0.0901728564898268
1.705 0.2 0.27766586161458 0.0698415856748087 0.0746967994470874
1.705 0.3 0.381766892409664 0.102123105954492 0.108423882407805
1.705 0.4 0.418138633533636 0.111034395862419 0.117983328099011
1.705 0.4999 0.303572530119703 0.0830673213265226 0.0879716157115038
1.705 0.6 0.277776539143215 0.0941166703220708 0.0977766431645064
1.705 0.7 0.270153265482473 0.098073385434779 0.101403615160834
1.705 0.8 0.329912937200354 0.155687864420973 0.158837710322536
1.715 0 0.398964714603635 0.070065519405744 0.0797543537749855
1.715 0.1 0.425342820705272 0.0812092533470736 0.0908009615304285
1.715 0.2 0.664071988369167 0.125477318995786 0.140592280617924
1.715 0.3 0.351708984208891 0.060982518084257 0.0696200038265617
1.715 0.4 0.351691178779931 0.0426787648117046 0.0543087485657882
1.715 0.4999 0.39542941372353 0.0393934695861093 0.0545693496333249
1.715 0.6 0.458718134125506 0.0444584811131675 0.0624139981689428
1.715 0.7 0.425827062401036 0.0469467223550879 0.0621097845422417
1.715 0.8 0.412279572813555 0.0524196943526612 0.0655584451039433
1.725 0 0.495383363966382 0.101716649278696 0.112198583265926
1.725 0.1 0.564493254668677 0.103459862076615 0.116685259831933
1.725 0.2 0.507411588261852 0.0645651101703581 0.080753371500566
1.725 0.3 0.46815706857859 0.0514334636593488 0.0681758874668896
1.725 0.4 0.458592762196397 0.0550177831386629 0.0703457157674821
1.725 0.4999 0.514900606773011 0.0686511159056062 0.084471194252911
1.725 0.6 0.512708211183277 0.0651081732746512 0.0814916949897823
1.725 0.7 0.564600808858955 0.0687817812921347 0.0874273974028795
1.725 0.8 0.56651427976752 0.0675547111247305 0.0865796219762669
1.725 0.9 0.687167972934292 0.317765368111531 0.324483105688903
1.735 0 0.553980915707737 0.0944015181380063 0.108264007564197
1.735 0.1 0.613228268243388 0.0980745338301635 0.114285297038172
1.735 0.2 0.596719484662906 0.0630009620887931 0.0850222234659327
1.735 0.3 0.671208675909587 0.0609849309012535 0.0885631264590481
1.735 0.4 0.540706578610843 0.0517909142320867 0.0732032931430285
1.735 0.4999 0.537688747149339 0.0560885843047058 0.0761088712878257
1.735 0.6 0.628011440734148 0.0708815579946834 0.0929230279569611
1.735 0.7 0.62892885050562 0.0756659705515362 0.0966767252579858
1.735 0.8 0.655931210919235 0.0778490372773494 0.0999956447858547
1.735 0.9 0.583495048459704 0.104421560519742 0.118408784126628
1.745 0 0.642509226843208 0.0942256166937668 0.112538206185566
1.745 0.1 0.721131857357429 0.110390196979878 0.130214201028745
1.745 0.2 0.64132857404961 0.0748906143661343 0.0968559882984389
1.745 0.3 0.67158091293736 0.0694301337718735 0.0946431294318921
1.745 0.4 0.653334369710801 0.0659156841925768 0.0908841068478878
1.745 0.4999 0.644301292128539 0.0683590677546358 0.0920895993334795
1.745 0.6 0.696789601290054 0.0660871648278082 0.0939184725445466
1.745 0.7 0.724209756995767 0.0636125357501289 0.0941121677494088
1.745 0.8 0.726050639810605 0.0687648934896168 0.0977938807411657
1.745 0.9 0.662380950829522 0.0801210366801949 0.102193914473205
1.755 0 0.662273969480431 0.0773789069572494 0.100090814290672
1.755 0.1 0.761616728486218 0.108267460242916 0.130584972580582
1.755 0.2 0.76462704453456 0.0885519941716337 0.114953337311888
1.755 0.3 0.702141747364639 0.0748537649860008 0.100666023615184
1.755 0.4 0.719591936873235 0.0677119937962357 0.0966616209369996
1.755 0.4999 0.802006926921025 0.0738534343682028 0.106608159123499
1.755 0.6 0.803453842105584 0.0751493811506829 0.107609231598406
1.755 0.7 0.788681318566993 0.0751989109264129 0.106635137064179
1.755 0.8 0.821410238782298 0.0806955277869277 0.112748442656186
1.755 0.9 0.793652253842897 0.103324494384252 0.12831372025489
1.765 0 0.698882990719362 0.0583757480036032 0.0889101860855555
1.765 0.1 0.852830731081333 0.0802355180930034 0.11460605521047
1.765 0.2 0.835055161129135 0.0686549887563061 0.105518068657413
1.765 0.3 0.729030263073746 0.0531589709906705 0.0878608645791406
1.765 0.4 0.670964578331626 0.0470804370293584 0.0797604476105489
1.765 0.4999 0.902322907046015 0.0740574532721883 0.113934801649655
1.765 0.6 0.819311164833988 0.0614490992510924 0.0997833913227793
1.765 0.7 0.837753522017542 0.0753130188028026 0.110155196792623
1.765 0.8 0.805805532213883 0.0914645317397669 0.119768131749097
1.765 0.9 0.804872069440505 0.103217954644351 0.128913720813988
1.775 0 0.888614317868883 0.0524282595349703 0.100166954084601
1.775 0.1 0.991111628423204 0.0586408467830186 0.111807300707857
1.775 0.2 0.876443318193783 0.0443633462876434 0.0951557573265791
1.775 0.3 0.899937660356142 0.0436537854621808 0.09683586880263
1.775 0.4 0.946738618764519 0.0433644698914607 0.100743860962096
1.775 0.4999 0.987026757288383 0.0480116419725536 0.106267097981941
1.775 0.6 0.924739206517828 0.0503962335389378 0.102121526642357
1.775 0.7 0.911822621739788 0.0527043267660701 0.102215097576627
1.775 0.8 0.889173468834017 0.0530165207035515 0.10052173037471
1.775 0.9 1.02692240713238 0.0764786532436215 0.124811068476112
1.785 0 0.905248471209216 0.0466950172596106 0.0987680668737873
1.785 0.1 1.00859214931648 0.051608673908113 0.109846918692078
1.785 0.2 0.908877272990714 0.0393064574686254 0.0958152077250056
1.785 0.3 1.02488529311027 0.0423765761933843 0.107260959225799
1.785 0.4 0.987564999927334 0.0403084443304375 0.103148846755237
1.785 0.4999 0.982541015691372 0.0445005797664125 0.1044209110914
1.785 0.6 0.946599468446556 0.0443911734031909 0.101257594919131
1.785 0.7 0.943353261048334 0.0515225981010613 0.104309120694537
1.785 0.8 0.908764928894036 0.0494084743468964 0.100373633299258
1.785 0.9 0.863706090220437 0.0652425594370662 0.105603193509055
1.795 0 0.913563841401261 0.0374752307768953 0.0955718442023141
1.795 0.1 1.24331908947659 0.0602291934802432 0.133956247662362
1.795 0.2 1.11887384558488 0.0454594806202844 0.116879249902853
1.795 0.3 1.07549935394138 0.0413525447208547 0.111457282289373
1.795 0.4 1.06577385661593 0.0444922201419384 0.111800633068287
1.795 0.4999 1.12377400512721 0.0482705009123316 0.118431469376777
1.795 0.6 1.18249112848966 0.0530174639688446 0.125542747469133
1.795 0.7 1.10156204684252 0.0503480013531961 0.117358888554663
1.795 0.8 1.0938119996468 0.0529527474670841 0.117832951805783
1.795 0.9 1.02568958515229 0.0645333205867157 0.117931941452054
1.805 0 1.01960753542093 0.0424085138375338 0.107383089178377
1.805 0.1 1.32636814340174 0.0621378305240332 0.142588574283723
1.805 0.2 1.17821470406698 0.0447472889489785 0.122649253780379
1.805 0.3 1.12869313526156 0.0419084046477461 0.117175417713106
1.805 0.4 1.03314700245882 0.0408019320198618 0.108319891366963
1.805 0.5 1.18321586682251 0.045335083460352 0.123314666760384
1.805 0.6 1.11796831310284 0.0444921743458003 0.117168256205338
1.805 0.7 1.09177557066519 0.0439617432754818 0.114368507082855
1.805 0.8 1.19515485348772 0.0500002542700053 0.125760964048254
1.805 0.8995 1.16851996456103 0.0579011040565126 0.12663633951545
1.815 0 1.24368364884439 0.0475607179714706 0.129538125374965
1.815 0.1 1.54963559114578 0.0708018299349464 0.165944441523472
1.815 0.2 1.39092377366216 0.0541285196538437 0.145622271732766
1.815 0.3 1.21490550117641 0.0444284201922283 0.12605046030112
1.815 0.4 1.22656679501519 0.0469574420279571 0.128105220360421
1.815 0.4999 1.27796456733742 0.0461630852216623 0.132332672598779
1.815 0.6 1.3001681010363 0.0496551620807919 0.13562424224691
1.815 0.7 1.30220963524066 0.049231663813655 0.13541172101468
1.815 0.8 1.26884744282801 0.0509334585125741 0.132817849433434
1.815 0.8995 1.18534117249686 0.0621685223998959 0.130188833313294
1.825 0 1.27106890947439 0.0491105210313934 0.132961951535468
1.825 0.1 1.45484800250617 0.0617646826338791 0.154167779875514
1.825 0.2 1.46170284171833 0.0523914052758797 0.151808823120373
1.825 0.3 1.36577465160383 0.0512767247611786 0.142587253232732
1.825 0.4 1.3142696147518 0.0468796902062714 0.136280693165961
1.825 0.4999 1.27444369293486 0.0409199910927178 0.130584993683228
1.825 0.6 1.40447320309566 0.0460792957642368 0.144056241840051
1.825 0.7 1.33351403466158 0.0448150102696214 0.136966946810685
1.825 0.7999 1.27752900553899 0.0472850996634034 0.132468446527958
1.825 0.9 1.31175057959409 0.0619660951632602 0.140961343843991
1.835 0 1.50266888358903 0.0486232683086143 0.153967209600034
1.835 0.1 1.68321451605276 0.0587903218518727 0.173714221460648
1.835 0.2 1.54506452842774 0.0494988262950472 0.158574827840397
1.835 0.3 1.44946983366584 0.0490877502126913 0.149803740244887
1.835 0.4 1.37072894477546 0.0438635696087681 0.140662573499277
1.835 0.4999 1.40334532441896 0.0411494471635288 0.142763162648077
1.835 0.6 1.5142662943101 0.0430193378328765 0.153394929694382
1.835 0.7 1.38953827880264 0.0397647221125313 0.14069446623774
1.835 0.7999 1.26010167234143 0.0422612155978202 0.129177062302772
1.835 0.8995 1.28934892092887 0.0562739462282477 0.136773937227667
1.845 0 1.58406390928706 0.0486825807367509 0.161720834789564
1.845 0.1 1.69423709892278 0.0545502509052946 0.173479675042254
1.845 0.2 1.59499508982632 0.0442200050911598 0.161811303413673
1.845 0.3 1.5936664907771 0.0467970355989659 0.162560564853365
1.845 0.4 1.64522646066893 0.0490904586968228 0.16793232392036
1.845 0.4999 1.5115634103214 0.0403550583614133 0.152833347554666
1.845 0.6 1.47548399566876 0.0396673326690811 0.149151071729892
1.845 0.7 1.42184152678156 0.044403071132177 0.145365782407647
1.845 0.7999 1.353362580207 0.0481378147025286 0.140018503930966
1.845 0.8995 1.25953208706525 0.0513781810991121 0.132280114278956
1.855 0 1.76319906739308 0.0492738484837684 0.178799869309697
1.855 0.1 1.80263519302697 0.0594327004891037 0.185371664651824
1.855 0.2 1.70590563898293 0.0475345691058785 0.173594373218445
1.855 0.3 1.73619657397271 0.0504615406023066 0.177117298219408
1.855 0.4 1.74372039395643 0.045870006051007 0.176326656112966
1.855 0.4999 1.59179604013848 0.0411548537126563 0.160817892332171
1.855 0.6 1.57988536027778 0.0399391435725792 0.159125649784783
1.855 0.7 1.51209216867388 0.0441371337719256 0.153813179624646
1.855 0.8 1.48730216280527 0.0504316777430075 0.153122640431561
1.855 0.8989 1.33050078450224 0.0584680274766304 0.141647450079151
1.865 0 1.73450882343911 0.048807061722181 0.176184512635671
1.865 0.1 1.88760122139665 0.0607373399169682 0.193983882800199
1.865 0.2 1.78434485637389 0.0473674598160545 0.180959246441454
1.865 0.3 1.74463236201062 0.0445979181819302 0.176348116003518
1.865 0.4 1.78540313401964 0.0433538343540073 0.179601872537844
1.865 0.5 1.6048912387124 0.0389445651982675 0.161581172159373
1.865 0.6 1.63531170673068 0.0417412132491734 0.16516941112606
1.865 0.7 1.50569162173621 0.0408143106453473 0.15233992911446
1.865 0.8 1.50735991289598 0.0458141266753612 0.153666310685642
1.865 0.8993 1.39402604971334 0.0530914359753114 0.145279678762394
1.875 0 1.80939092646091 0.049717109090496 0.183691604513971
1.875 0.1 1.96323996737809 0.0591916527340326 0.200641363672057
1.875 0.2 1.96104900631625 0.0485088692086309 0.198059419407764
1.875 0.2999 1.93438733325124 0.0481083522558996 0.195479863471488
1.875 0.4 1.77340003997782 0.0426079186741421 0.178653455538015
1.875 0.4999 1.66817619375327 0.039708555355563 0.168060461702931
1.875 0.6 1.86644536448838 0.0437129093198214 0.187729507251279
1.875 0.7 1.59421805231021 0.0429762102644845 0.161458761731804
1.875 0.8 1.63621653815641 0.0464273680657444 0.165914048384227
1.875 0.899 1.41765503555597 0.0560917956416953 0.148711624529025
1.885 0 1.74366146033303 0.0474210065973333 0.17712413802784
1.885 0.1 1.80936713549898 0.0556599261941171 0.185429442857028
1.885 0.2 1.89673952728345 0.0447292237909541 0.191306784459089
1.885 0.3 1.9190310423674 0.0457203798456683 0.193576310805142
1.885 0.4 1.76321507746884 0.0405007776740712 0.177273224496583
1.885 0.5 1.62516262135544 0.03717466150897 0.163545907876708
1.885 0.5999 1.68877892216196 0.0423475376178239 0.170828178164181
1.885 0.7 1.63614966646024 0.0441624414454846 0.166051748672541
1.885 0.8 1.59077427054963 0.0471725307054405 0.162197192317156
1.885 0.899 1.47798218303761 0.0582432412978495 0.155073747115707
1.895 0 1.8361471671002 0.0502642676760943 0.186975687249236
1.895 0.1 2.07898992503042 0.0649051625153504 0.213597923291851
1.895 0.2 1.99521608613121 0.0458821025866321 0.201218193068433
1.895 0.3 1.81438992213097 0.040322084921817 0.182563012499036
1.895 0.4 1.7200410743408 0.0400051824485838 0.173461327506133
1.895 0.5 1.69856468804849 0.0375301936843002 0.170827119626617
1.895 0.6 1.66407997228464 0.038672091117623 0.167682488812231
1.895 0.7 1.6391906291453 0.0417768467419194 0.165819133691606
1.895 0.8 1.64134627596621 0.0471588913477391 0.167156459755435
1.895 0.8989 1.62574499707044 0.066076921028987 0.171520036089934
1.905 0 1.6364407575107 0.0463017247018859 0.16722040949941
1.905 0.1 1.91001652749685 0.0553257944609081 0.195249113321268
1.905 0.2 1.78947410937215 0.0440015713163829 0.18149226484163
1.905 0.3 1.65868918012424 0.0412226196879931 0.168298978274011
1.905 0.4 1.49658601802265 0.0364826753464215 0.15140270094365
1.905 0.4999 1.51841257645147 0.0366436429427464 0.153678090571829
1.905 0.6 1.56723148951387 0.0384992523262648 0.158800612962144
1.905 0.7 1.50957028671878 0.0387285879551586 0.152947708244984
1.905 0.8 1.44725483409083 0.0434659041374935 0.148008978748655
1.905 0.8991 1.39915961701017 0.0586580362693158 0.148401814327318
1.915 0 1.60360379266616 0.0444544279646709 0.163824414644685
1.915 0.1 1.8301971872192 0.0498616435315079 0.1864391889586
1.915 0.2 1.72661380493686 0.0408195836345288 0.174942956209053
1.915 0.3 1.69426495002911 0.0402373603126356 0.171706113480661
1.915 0.3999 1.60574660253922 0.0396589375843556 0.162975431331928
1.915 0.4999 1.54517774208941 0.0371895547389926 0.156674136676046
1.915 0.6 1.54277195347835 0.0383505272218698 0.156665057143048
1.915 0.7 1.43454286214927 0.0368602732013981 0.145660363108396
1.915 0.8 1.34793788837183 0.0416888732414011 0.138557575851916
1.915 0.8985 1.22368693289451 0.0499353705546234 0.129465538790846
1.925 0 1.62367280910915 0.0475616681684183 0.166649762905549
1.925 0.1 1.73414087342998 0.0541406324050006 0.17879038339927
1.925 0.2 1.60308463459181 0.04183757848981 0.163492993054236
1.925 0.3 1.59646693144338 0.0410414833171679 0.162598547970392
1.925 0.4 1.54857842252185 0.0418351582084411 0.158207809933975
1.925 0.5 1.47411127746934 0.0378928788418288 0.150099333134596
1.925 0.6 1.42899180746971 0.0362394094719776 0.145244551681893
1.925 0.7 1.3696592917927 0.0352790436107594 0.139039961716352
1.925 0.8 1.3078669551338 0.0384528370620724 0.133718075548738
1.925 0.8987 1.25591116765631 0.0527403980097606 0.133540044225021
1.935 0 1.51434965412536 0.0428841582027725 0.155184384283245
1.935 0.1 1.54236300423598 0.0482258864927455 0.159247902596798
1.935 0.2 1.47833196912009 0.0377049939605624 0.150878521031261
1.935 0.3 1.47806022732247 0.0370108459736402 0.150462220771074
1.935 0.4 1.43112611645298 0.036164268253342 0.145644780358768
1.935 0.5 1.37002300396297 0.034005540559645 0.139449350036119
1.935 0.6 1.31652608505291 0.0330724637621575 0.133989976675267
1.935 0.7 1.31851071874928 0.0329100800802354 0.133764233554987
1.935 0.8 1.27708533409905 0.0393412680919578 0.131380524937447
1.935 0.8986 1.2022169874347 0.051088018906724 0.128195527150899
1.945 0 1.41884123810913 0.0414537560666164 0.145804914703427
1.945 0.1 1.50816194103487 0.046864266554167 0.155592355944401
1.945 0.2 1.47820505070208 0.0414915912846014 0.152047969049907
1.945 0.3 1.39916715519938 0.0399851408472055 0.144083561279412
1.945 0.4 1.30541380330622 0.0401963665973594 0.135202012500316
1.945 0.5 1.31268839501082 0.0365790112669642 0.134839419025027
1.945 0.6 1.3195680270322 0.034251931569454 0.134619905826012
1.945 0.7 1.31930287779963 0.035897932658175 0.134747823876688
1.945 0.8 1.29801661468458 0.0443182256948446 0.135060317008005
1.945 0.8986 1.30943625399693 0.0564389561015351 0.140066442466261
1.965 0 1.21412973397562 0.0335573197182017 0.125089553717274
1.965 0.1 1.28716338824512 0.0364336151700901 0.132684943756112
1.965 0.2 1.29568682485387 0.0291078133292649 0.132287891097753
1.965 0.3 1.31202695545216 0.0315239088760776 0.134532533037295
1.965 0.4 1.29730797378258 0.0299009232993504 0.132476580374378
1.965 0.5 1.25028887535249 0.0285292627268608 0.127751094777055
1.965 0.6 1.26296872025257 0.0277008170268859 0.128707210438897
1.965 0.7 1.25467042288918 0.0285828884492944 0.127693124709785
1.965 0.8 1.25545688655351 0.0326217672047426 0.128181461985614
1.965 0.8998 1.29159545221221 0.041455271432207 0.133111219577709
1.975 0 1.1649463089841 0.0316298971645004 0.119989028548989
1.975 0.1 1.23955925165285 0.035891814837224 0.128050484945569
1.975 0.2 1.21731728678938 0.0288256882789967 0.124735609901191
1.975 0.3 1.2691968563609 0.0302634292716445 0.1301553497338
1.975 0.3999 1.12159343703632 0.0268493460479911 0.114830235044775
1.975 0.4999 1.12971650423404 0.0258960045405419 0.11550171099911
1.975 0.6 1.16942848145104 0.0269073960843972 0.119437765311375
1.975 0.7 1.28060150704759 0.0280469752280729 0.130037003195846
1.975 0.7999 1.2335318786222 0.0317422427721084 0.125935176827703
1.975 0.8996 1.14929090137008 0.0415724190005075 0.12016252201747
1.985 0 1.09051149949183 0.0299503858247289 0.112525219741852
1.985 0.1 1.20321560462131 0.0356986585648743 0.124799301386679
1.985 0.2 1.2286708172721 0.0294141866127318 0.126208085967714
1.985 0.3 1.16633367954609 0.0287892213438865 0.120053553295843
1.985 0.4 1.1369167429344 0.0273376050429141 0.11666483693323
1.985 0.4999 1.14569486578164 0.0264250503688192 0.117290084601291
1.985 0.6 1.20974838432757 0.027023967777021 0.123564048583572
1.985 0.7 1.30145964496939 0.0298201428459245 0.132836997961592
1.985 0.8 1.31931715994435 0.0345455705590709 0.135124136449695
1.985 0.9 1.39379391863131 0.0481462771854003 0.144953799846554
1.995 0 1.05719693278516 0.0304010697978846 0.10943518323957
1.995 0.1 1.13356294790613 0.0332941610600926 0.11740472336245
1.995 0.1999 1.08315917110801 0.0272841555163591 0.11152485365779
1.995 0.3 1.16590421033793 0.0304334958295189 0.120431216643602
1.995 0.4 1.13954671939199 0.0292184149249639 0.117478662595205
1.995 0.5 1.16261800535127 0.0279609011318247 0.119468623330628
1.995 0.6 1.16884625569585 0.0270702112996391 0.119633239060064
1.995 0.7 1.31025197288843 0.0284158463811885 0.133251080515547
1.995 0.8 1.28528617483224 0.0333177624901961 0.131623410653347
1.995 0.8998 1.29116171039338 0.0424822026937751 0.133755528644769
2.005 0 0.969996409067676 0.0284301956338078 0.100796165912908
2.005 0.1 1.04533416078684 0.0304885464994589 0.108479058196933
2.005 0.2 1.06101253371138 0.0260307725212208 0.109385405374587
2.005 0.3 1.03713944338025 0.0261215249797983 0.107107493850134
2.005 0.4 1.0491192845393 0.0250091306916507 0.1078323592671
2.005 0.5 1.13545034331956 0.0249960701355592 0.116349785706172
2.005 0.6 1.17658946841429 0.0253936871989984 0.120329432998862
2.005 0.7 1.25065609678501 0.0261853080634271 0.12723702414317
2.005 0.8 1.35337964659173 0.0336495900918185 0.138643462501252
2.005 0.8997 1.37597509911779 0.0437976462933909 0.142277849781266
2.015 0 0.921198043298545 0.0277618091463564 0.0958936143685746
2.015 0.1 0.962220489664623 0.0293705901108536 0.100289434018673
2.015 0.2 0.947778251031239 0.0249099000704035 0.0980896730331369
2.015 0.3 1.07348368204545 0.0280429665587734 0.111214866206193
2.015 0.3999 1.02325530952334 0.0263494731444683 0.105703585762108
2.015 0.5 1.05226652579424 0.0261597779363261 0.108661528129039
2.015 0.6 1.20468668969948 0.0277524142366439 0.123774601232024
2.015 0.7 1.24235841704886 0.0285046005059312 0.127216794994117
2.015 0.8 1.34787854672038 0.0359958185695397 0.13883266262271
2.015 0.897 1.33292837455027 0.0495678712809806 0.140787864397017
2.025 0 0.829977641659766 0.0258002604378752 0.0867667653163512
2.025 0.1 0.935324886625003 0.0286424598060809 0.0976228746663898
2.025 0.2 0.92155027066204 0.0234997044466526 0.0952729931420476
2.025 0.3 0.99377830138282 0.0257372282069826 0.102953221644618
2.025 0.4 1.02442297599593 0.0266044287333499 0.10598786242439
2.025 0.5 1.01975109276881 0.0246686992621179 0.105220314044773
2.025 0.6 1.16702056923393 0.0270370950410637 0.120041613397575
2.025 0.7 1.24767588643018 0.0282633094447363 0.127806506638618
2.025 0.8 1.32563440351332 0.033682085253721 0.13620033428785
2.025 0.8998 1.34969904651384 0.0427367587634503 0.139715109549742
2.035 0 0.813696671820504 0.0244785258470754 0.0848447867464518
2.035 0.1 0.956626547754075 0.0279185195999881 0.0996282704101645
2.035 0.2 0.936386355648959 0.0233627276525033 0.0968124014067454
2.035 0.3 1.0320225566776 0.0259902804980696 0.106799361196798
2.035 0.4 1.05145387444688 0.02555723893751 0.108629671474887
2.035 0.5 1.09677200304142 0.0252791811548739 0.113030984586668
2.035 0.6 1.24230227265216 0.0279155608393125 0.127865339594765
2.035 0.7 1.29273039646935 0.0292200958686659 0.132727689594827
2.035 0.8 1.41404563230266 0.0344454193793627 0.145098411032327
2.035 0.9 1.42060342108686 0.0459166160265595 0.147414938380329
2.045 0 0.758450597173341 0.0240578009119009 0.0795134823549617
2.045 0.1 0.855143914424816 0.0263345628393122 0.0894321672775492
2.045 0.2 0.857970371129428 0.0235822202371019 0.0893513804986808
2.045 0.3 0.953977900191602 0.0249127485592309 0.0989059526580092
2.045 0.4 0.937869649067306 0.024128607253671 0.0972133921360421
2.045 0.5 1.10663622656989 0.0270130893447426 0.114486916144123
2.045 0.6 1.18358908829495 0.0271660241040719 0.121806444158091
2.045 0.7 1.3438699045702 0.0299197678318985 0.137768362293243
2.045 0.8 1.37254572920392 0.0327279780956021 0.140626028391399
2.045 0.8999 1.32270523374572 0.0397292194078351 0.13649514378759
2.055 0 0.796015645160364 0.0258640817979468 0.0837803370975305
2.055 0.1 0.797111124967421 0.0238737056006872 0.0833637357980746
2.055 0.2 0.8169006435914 0.0221985375665205 0.0850906935663012
2.055 0.3 0.935089764297745 0.0252838883365647 0.0975029568648909
2.055 0.4 0.959647788528126 0.0250805582950372 0.099827587580246
2.055 0.5 1.06716930953127 0.0251736029817899 0.110382302957208
2.055 0.6 1.15132557257107 0.0258092845393234 0.118630717012863
2.055 0.7 1.32023942615908 0.0295864680081238 0.135776762889568
2.055 0.8 1.32102441169441 0.0330734350713976 0.13607050270075
2.055 0.8962 1.30000681291121 0.0425895695484094 0.136044607219234
2.065 0 0.732822424616261 0.0245156326298071 0.0773254624434422
2.065 0.1 0.786526093087183 0.0256153834470895 0.0830211219415719
2.065 0.2 0.745922510609028 0.0215818192829838 0.0781246974477825
2.065 0.3 0.900532814964711 0.0254039409292197 0.0941913631324329
2.065 0.4 0.93472013382199 0.0246353884813463 0.097243223800332
2.065 0.5 1.03381360714483 0.0257058638887041 0.107254877346262
2.065 0.6 1.14682991872934 0.026515403938273 0.118329438935501
2.065 0.7 1.31810854816027 0.0297150807885246 0.13558038326394
2.065 0.7999 1.32385590415708 0.0320653293740508 0.136107219498064
2.065 0.8968 1.32484642219206 0.044572316186812 0.139023068195361
2.075 0 0.673699618124256 0.023864073279275 0.0716923469244869
2.075 0.1 0.72928365985658 0.0229538713743174 0.0768757303370684
2.075 0.2 0.773280817895909 0.0209715081437844 0.0807534978877978
2.075 0.3 0.849003725475496 0.0233501428691171 0.0887849804743949
2.075 0.4 0.913909590901042 0.0238949397573888 0.09527158415381
2.075 0.5 0.972556531780124 0.0240065018697922 0.101004566911121
2.075 0.6 1.12492136827751 0.0260305373027923 0.11651446250208
2.075 0.7 1.27394891107285 0.0294833011503954 0.131568916094035
2.075 0.8 1.31341643872164 0.0313599470792978 0.135272164866328
2.075 0.897 1.24869929962494 0.038975542342423 0.130188316560788
2.085 0 0.605122783747175 0.0237272171353278 0.065197454984067
2.085 0.1 0.711499762011331 0.0236235951199967 0.0753326220911658
2.085 0.2 0.828973573701785 0.0232317725088503 0.0868170870377918
2.085 0.3 0.884415044104695 0.0257213977013363 0.0928554641123581
2.085 0.4 0.919246079902163 0.0247240193281766 0.0959293702571298
2.085 0.5 1.00620886329246 0.0258963733562335 0.104738902959474
2.085 0.6 1.19821973608804 0.0291299974804596 0.124339707115657
2.085 0.7 1.27645066731713 0.0310674738128182 0.132137912529138
2.085 0.8 1.37129897229704 0.0372380442752811 0.142635210794424
2.085 0.8961 1.35848458935326 0.0474938156281395 0.143544467822624
2.095 0 0.625048579732045 0.0231936208179725 0.0669553390234297
2.095 0.1 0.723359599024325 0.0226673777864619 0.076352371620236
2.095 0.2 0.700007193053934 0.0208800652043077 0.0737754271577925
2.095 0.3 0.756951880081139 0.0221458131503636 0.079623507253295
2.095 0.4 0.858205301942057 0.0222996571076309 0.0894628783757073
2.095 0.5 0.995206898618029 0.0249712373012777 0.103723154642334
2.095 0.6 1.18332573120716 0.0274293428286038 0.12269535594332
2.095 0.6999 1.21230587068536 0.0306202724621296 0.126101933518717
2.095 0.8 1.29531387805909 0.0343887560244411 0.134685521029218
2.095 0.8958 1.28673467610323 0.0473175379169404 0.136932211692331
2.105 0 0.58681415520776 0.0229792247084786 0.063382652406401
2.105 0.1 0.609161743908138 0.0195011537173505 0.0644774327933149
2.105 0.2 0.633944539246299 0.0188430023090577 0.0667746969812996
2.105 0.3 0.743360065623098 0.0216674003547944 0.0782240679832451
2.105 0.4 0.846544860281726 0.0227880840312336 0.088585477165115
2.105 0.4999 0.937194399991922 0.0230045107940976 0.0975779971667241
2.105 0.6 1.05646440420105 0.0256509152435916 0.109978939751826
2.105 0.7 1.20947747547132 0.0293252114346689 0.125596097315095
2.105 0.8 1.27003146350006 0.0327749752195882 0.131997593097282
2.105 0.8961 1.17215222035703 0.0417539454773768 0.124354034715968
2.115 0 0.539566779217808 0.0208285608753506 0.0580992261673807
2.115 0.1 0.620333496565439 0.0209863000798293 0.06609026039357
2.115 0.2 0.66995494063113 0.0200381886209277 0.0706424289938703
2.115 0.3 0.763445948278173 0.023601859003548 0.0807187068641155
2.115 0.4 0.799661156611286 0.0223993582645654 0.0839178857711223
2.115 0.5 0.953845721116947 0.0251766792550766 0.0997701942321619
2.115 0.6 1.06157910702175 0.0272871140465172 0.110835853188484
2.115 0.7 1.22829292976306 0.0319357070930561 0.128123207163217
2.115 0.8 1.20596582294756 0.032681915511753 0.1257185245067
2.115 0.8963 1.2142163754863 0.044642431599549 0.129362583158577
2.125 0 0.508398054124481 0.0202545722248705 0.0551384442556126
2.125 0.1 0.559434913789088 0.0182520383885112 0.0595295302573343
2.125 0.2 0.598433728210309 0.0182538207663245 0.0633526057043729
2.125 0.3 0.680797271241664 0.0200907074251719 0.0719160648046991
2.125 0.4 0.741885980673543 0.0204635977192763 0.0780030928934852
2.125 0.5 0.903944376022347 0.0230363330742769 0.0945490192041185
2.125 0.6 1.01490034141535 0.0247604038123933 0.105814943795908
2.125 0.7 1.15608686810391 0.0296184138230248 0.120735688914035
2.125 0.8 1.16423243888025 0.031235981740874 0.121643601740062
2.125 0.8961 1.12123073771994 0.0427269785286303 0.120127856256438
2.135 0 0.522450005236653 0.02143342715745 0.0569262888390584
2.135 0.1 0.523530981657018 0.017273842279662 0.0557891436648768
2.135 0.2 0.594785898830924 0.0183122582147529 0.0630683877260216
2.135 0.3 0.675288715502574 0.020882713676622 0.0716115369023893
2.135 0.4 0.76419032982684 0.0221649196388792 0.080661318114887
2.135 0.4999 0.842315815771734 0.021741543222275 0.0882334308748151
2.135 0.6 0.997537598513962 0.0255804764980536 0.104490336902305
2.135 0.7 1.13725252691207 0.0297599224331786 0.119054472866968
2.135 0.8 1.1417277820637 0.0320402076845497 0.119764155344434
2.135 0.8961 1.14470468382526 0.041627709092164 0.122071793554509
2.145 0 0.481309772896382 0.0202531828244426 0.0526389385366243
2.145 0.1 0.484020068916594 0.0168167041315575 0.0518173264384833
2.145 0.2 0.553210291018459 0.0179307790495969 0.0589895416183511
2.145 0.3 0.677455819584282 0.0210386361816783 0.0719580265446552
2.145 0.4 0.699534164707717 0.0206126098837075 0.0739333396536107
2.145 0.5 0.841237408713332 0.0231639859300066 0.0885659839528986
2.145 0.6 0.991115321420986 0.0254773469908809 0.103876023807175
2.145 0.7 1.11806282513343 0.0306283312255266 0.117471289619232
2.145 0.8 1.13617293125247 0.0318029166550139 0.119217268806392
2.145 0.896 1.08488562941351 0.0429613842831239 0.117053169597778
2.155 0 0.415664380542835 0.0184664981182138 0.0458609378083893
2.155 0.1 0.456208779685119 0.0161990790138018 0.0490109841650782
2.155 0.2 0.529357899890306 0.0179252767704569 0.0566533940668553
2.155 0.3 0.606674583365472 0.0194873919161913 0.0646475877381097
2.155 0.3999 0.667320908075026 0.0201065315407944 0.0705703425488177
2.155 0.4999 0.79050630278908 0.0223057570862947 0.0833985042827499
2.155 0.6 0.931887913972246 0.0245278962328574 0.0978279150176379
2.155 0.7 1.04595555770796 0.0301097271655275 0.110352979285919
2.155 0.8 1.08260641456579 0.0318447417175253 0.114215772646546
2.155 0.896 1.04830476260159 0.0412859930310728 0.113132124361056
2.165 0 0.419307812637131 0.0192861466249083 0.0466197072444585
2.165 0.1 0.430216714082981 0.0148051643326807 0.0461551392129075
2.165 0.2 0.494955765288249 0.0157811277209927 0.0527701002377997
2.165 0.3 0.550984805779164 0.0174270177996349 0.0586904671937809
2.165 0.4 0.664528373504601 0.019499300203939 0.0703505788711573
2.165 0.5 0.774571752851202 0.020889766870807 0.0816357921556877
2.165 0.6 0.921345276564272 0.0234295142024482 0.0968033865791463
2.165 0.7 1.01278674274162 0.0272741748983959 0.106616605010553
2.165 0.8 1.08950529487617 0.0303799028282205 0.11467508011318
2.165 0.8954 1.04128842982551 0.0411997280742642 0.112628325066068
2.175 0 0.35267967032933 0.0165391140896428 0.0393738229843121
2.175 0.1 0.398613743307703 0.0150089368072615 0.0432464252942492
2.175 0.2 0.49807312303498 0.0171462004982474 0.0535468924949127
2.175 0.3 0.553944819469501 0.0182250459294691 0.0592282380902998
2.175 0.4 0.678074438056411 0.0208484163598676 0.0721691748296724
2.175 0.5 0.739793858016313 0.020795323394194 0.0783022050568378
2.175 0.6 0.908891069300099 0.0240150746476208 0.0957562849492881
2.175 0.7 1.10599210001552 0.0295443890566437 0.116495246020355
2.175 0.8 1.06059509978505 0.0299303041946738 0.111853919369009
2.175 0.8957 1.07832186164485 0.0428357442968811 0.116762501606846
2.185 0 0.343779224410886 0.0152843363980554 0.0380615428310839
2.185 0.1 0.387470605098598 0.014156140415058 0.0419216439885914
2.185 0.2 0.451492176312851 0.0151538994773562 0.0484327442261976
2.185 0.3 0.543734743637983 0.0176004374244783 0.0581734670864899
2.185 0.4 0.621129656947782 0.0192589517857481 0.0662402818930399
2.185 0.5 0.752880732391122 0.0200219279866798 0.0794726842509744
2.185 0.6 0.933542026259795 0.0235746449914081 0.0981967138278829
2.185 0.7 0.998361334348543 0.0276411081826528 0.105591421656058
2.185 0.8 1.08183693856578 0.0308013246681361 0.114418666722547
2.185 0.8943 1.08746902003343 0.0471531191212578 0.11957896753839
2.195 0 0.334080156637178 0.0158511094313363 0.0373847239442902
2.195 0.1 0.393454279238148 0.0151929594595132 0.0428363094269229
2.195 0.2 0.43226683966287 0.0159802625901742 0.0468602490941769
2.195 0.3 0.513067271819894 0.0183019971847664 0.0554176044981356
2.195 0.4 0.633870741928433 0.020675000022648 0.0678933077004922
2.195 0.5 0.758942534293921 0.0228941483066204 0.0807620037434058
2.195 0.6 0.982756463364579 0.0275023874365308 0.104066966211641
2.195 0.7 1.13535082815826 0.0327958956868211 0.12049406959985
2.195 0.8 1.13543641638 0.0343107762525043 0.120647763607214
2.195 0.8948 1.03229082329367 0.0460247552891867 0.114040444607068
2.205 0 0.322210880862218 0.0174097385158078 0.0370745118866609
2.205 0.1 0.370625963307102 0.0153052080320551 0.0407613566104175
2.205 0.2 0.467479807794969 0.0165828472188612 0.0505421816466545
2.205 0.3 0.532326620483607 0.0188310385904534 0.0575194960368842
2.205 0.4 0.596555097549606 0.0202376182592179 0.0642039704929085
2.205 0.4999 0.794209599693767 0.023550092928087 0.0846940859067148
2.205 0.6 0.951911210370363 0.0265609983423443 0.100922018603556
2.205 0.7 1.06061765105689 0.0309653523732137 0.112668462128073
2.205 0.7999 1.09644231482926 0.033006743786552 0.116446624454969
2.205 0.8963 1.07071207283861 0.0449227243911715 0.117063086083782
2.215 0 0.273679278910061 0.0140791287658133 0.0311893496722105
2.215 0.1 0.33241937773997 0.0133632683878386 0.0365091796420257
2.215 0.2 0.380763162161631 0.014150481261069 0.0414529554307668
2.215 0.3 0.455381771882309 0.0161889073050996 0.0492948307876831
2.215 0.3999 0.560812318359744 0.0180310402305654 0.06015871392187
2.215 0.4999 0.675140693106968 0.0201534069496212 0.0720803434967683
2.215 0.6 0.830996492218247 0.0236277038616645 0.0883695694161206
2.215 0.7 0.98667981909387 0.0289284456802461 0.105107875184609
2.215 0.8 1.01848982164516 0.030528267280312 0.108525647655124
2.215 0.8942 0.982340784611985 0.0440633863997038 0.108907082495156
2.225 0 0.248873372521409 0.0129228786618791 0.0284311062654955
2.225 0.1 0.310538593444107 0.0126344302229124 0.0341578729047024
2.225 0.2 0.349003252174665 0.013340473923631 0.0381131537656637
2.225 0.3 0.427492393362667 0.0160710708922455 0.0466430472523118
2.225 0.4 0.506493184946131 0.0171347597793065 0.0546160659808011
2.225 0.4999 0.665282029299543 0.0194122275807498 0.0709215304280831
2.225 0.6 0.809553127493724 0.0240112708498985 0.0863596560283108
2.225 0.7 0.972143075396208 0.0290516227696859 0.103745953685741
2.225 0.7999 1.0210878230406 0.0310449695268744 0.108938701062486
2.225 0.895 0.935526486477907 0.0422849472702356 0.103842292060387
2.235 0 0.223525757381878 0.0125607409063827 0.0260180114487483
2.235 0.1 0.289557532040787 0.0121623277153367 0.0320401681235169
2.235 0.2 0.336591040628452 0.0131907832882463 0.0369211929447873
2.235 0.3 0.391859240884039 0.0146594515166742 0.0427052766164136
2.235 0.4 0.501473476302862 0.0168493884989403 0.0540858392795111
2.235 0.5 0.634865088706652 0.0191844634363059 0.067911048530561
2.235 0.6 0.739435578715979 0.0222152336893382 0.0791373126564183
2.235 0.7 0.873223758341722 0.0266271619637178 0.0935037178421213
2.235 0.8 0.944031041622067 0.0293719568416339 0.10101129502241
2.235 0.8948 1.00776961005741 0.0480380672946488 0.113031659752082
2.245 0 0.212597148443056 0.0122154875292817 0.0248757953978264
2.245 0.1 0.265655097434632 0.0117023624244474 0.0296486459123558
2.245 0.2 0.316608332082076 0.0126166882202015 0.0348368348866239
2.245 0.3 0.373707485648156 0.0144331409425593 0.0409632163066985
2.245 0.4 0.485459241122304 0.0168268915026615 0.0525977145691069
2.245 0.5 0.619513115378559 0.0188240943001539 0.0663796165151018
2.245 0.6 0.700002605451588 0.0204585843659273 0.0747229765063249
2.245 0.7 0.855083352924419 0.0261357680597859 0.0915447985805544
2.245 0.8 0.909403056311616 0.0281057428648164 0.0973077820841286
2.245 0.8947 0.847561405739743 0.0401316692197456 0.0950329115217923
2.255 0 0.233033706541882 0.0123921052803901 0.0268326117205709
2.255 0.1 0.273331816449631 0.0114625175018881 0.0303075593565198
2.255 0.1999 0.338463772403944 0.0130203622929112 0.0371569057090041
2.255 0.3 0.393986152978315 0.0144891845105839 0.0430283698413543
2.255 0.4 0.532015438812631 0.0176463093759114 0.0575289767049966
2.255 0.4999 0.63060081275668 0.0184886162493284 0.0674676507097818
2.255 0.6 0.85566298749027 0.0236086867403674 0.0911447065041025
2.255 0.6999 0.933383486555498 0.0264695105961958 0.0995614540030489
2.255 0.8 1.03677349397185 0.030889848194658 0.110882382903284
2.255 0.8946 1.00329871523265 0.0476824263927909 0.112685484481285
2.265 0 0.223788511497305 0.0122603857232126 0.0259743842459483
2.265 0.1 0.257393927838338 0.0109786422964144 0.0286119925502149
2.265 0.2 0.334558492409293 0.0128476336027522 0.0367144099412967
2.265 0.3 0.381748257241313 0.0143060518222104 0.0417635736319496
2.265 0.4 0.50234832280888 0.0174384799836696 0.0545368689496138
2.265 0.5 0.608789760800356 0.01897293423962 0.0654833865791175
2.265 0.6 0.848555369179551 0.0238598233342772 0.0906087611883384
2.265 0.7 0.955968510236596 0.0282449266205484 0.102395407472131
2.265 0.7999 1.00338908812308 0.0306666539013922 0.107575772680409
2.265 0.8946 1.00987113069151 0.0477593637751799 0.113432065514379
2.275 0 0.203223633827344 0.0115864662788459 0.0238052773807202
2.275 0.1 0.232476707589511 0.0103872391158871 0.0260266514744253
2.275 0.2 0.303774771134385 0.0127643893184145 0.0337555570695769
2.275 0.3 0.393335035771332 0.0148343232338446 0.0431229631403288
2.275 0.4 0.482808507821388 0.0173289071224033 0.0526963512683319
2.275 0.4999 0.600569614767834 0.0188283627085281 0.0647052513935678
2.275 0.6 0.853359505292076 0.0249961373234962 0.0915165499685888
2.275 0.7 0.900950144822277 0.0281039068423458 0.0970448376363956
2.275 0.8 1.03157392688709 0.0327759136688696 0.111235113974435
2.275 0.8935 0.996838207890194 0.0491107566873169 0.113056332313588
2.285 0 0.156653368810678 0.00963751063008676 0.018738613790656
2.285 0.1 0.202562141776591 0.00977491472008618 0.0230171765194571
2.285 0.2 0.257115870214318 0.0108842867367456 0.0286441861429133
2.285 0.3 0.325128972663122 0.0125998289883614 0.0357620295938448
2.285 0.3999 0.417716212420178 0.0148096366930058 0.0455167987753221
2.285 0.5 0.594228874749977 0.0184634027410606 0.0640491106137701
2.285 0.6 0.788378072126547 0.0233408545296626 0.0846205347784046
2.285 0.7 0.890677886120456 0.0263254500596812 0.095662396072822
2.285 0.8 1.00239509117495 0.0312600872935093 0.108058922722308
2.285 0.8937 0.913613789060778 0.0457325154904601 0.103997345551451
2.295 0 0.148991308940204 0.0100324001017559 0.0182804407057492
2.295 0.1 0.204296568807439 0.0102279662726718 0.0234246993179434
2.295 0.2 0.254260034888704 0.0112357222039657 0.0285716266152965
2.295 0.3 0.303077932331762 0.0125224339649038 0.0336955302609435
2.295 0.3999 0.430985243998194 0.0157030677982606 0.0471949667230572
2.295 0.4999 0.548487920543212 0.0170704225246294 0.0591726262688664
2.295 0.6 0.755586687520032 0.0229574911637483 0.0813707646931749
2.295 0.7 0.864057090657775 0.0265425720573664 0.0931751561462547
2.295 0.7999 0.95267648715393 0.0298360268165496 0.102680751648573
2.295 0.8938 1.05586871183668 0.0539957281868987 0.120789661625589
2.305 0 0.133621501758293 0.00877179361114408 0.0163011027717153
2.305 0.1 0.182852780014246 0.00909108166545947 0.020960863870096
2.305 0.2 0.235473957959214 0.0102920062057964 0.0264031738303146
2.305 0.3 0.32464442327704 0.0130956879343819 0.0360093151770524
2.305 0.4 0.397660760200096 0.0149532403690318 0.0437343303503043
2.305 0.5 0.555790427697575 0.0177910638022811 0.0602403145738656
2.305 0.6 0.702841072124319 0.0213782955256943 0.075886513547735
2.305 0.7 0.866532191165072 0.0262346019766514 0.0934084817220369
2.305 0.8 0.911003124804009 0.0290252638895457 0.0985802587087718
2.305 0.894 0.988075135692302 0.050538451989409 0.113110302898208
2.315 0 0.120813708031853 0.00869813895054492 0.0151810479508378
2.315 0.1 0.165387471335015 0.00923185377764919 0.019436082216364
2.315 0.2 0.208204695291851 0.0100314845341407 0.0237621240803519
2.315 0.3 0.263341294598474 0.0119597183330489 0.0297434543454394
2.315 0.4 0.377668413141107 0.0141446306718718 0.0415428368123098
2.315 0.5 0.525881811602866 0.0176646223151925 0.0572330860939019
2.315 0.6 0.693131421669277 0.0225426809449074 0.0752040765944443
2.315 0.7 0.820974465476862 0.0268867587067247 0.0891057988628438
2.315 0.7999 0.860139586854226 0.0297459779119663 0.0937466341419666
2.315 0.8948 0.905210054780897 0.046793479842507 0.103839096986192
2.325 0 0.116359562027761 0.00759643144126753 0.0141887284241021
2.325 0.1 0.144215182014681 0.00805523022653793 0.0169352515637378
2.325 0.2 0.188327707546233 0.00976806868563552 0.0218272749358122
2.325 0.3 0.272259386811362 0.0119479866527596 0.0306160088433956
2.325 0.4 0.354264156548962 0.0138344540317801 0.0392434343372856
2.325 0.5 0.498893734708398 0.0165515784042492 0.0543912496601175
2.325 0.6 0.696528937093043 0.0223357619591091 0.075637705732016
2.325 0.6999 0.805134469230644 0.0254564102796785 0.0872821119222509
2.325 0.7999 0.936605529653955 0.0304280245350216 0.101680479814706
2.325 0.894 0.96227965773553 0.0488475112448947 0.110193138568305
2.335 0 0.112062813320157 0.00797063616032107 0.0140507290512282
2.335 0.1 0.142818319272845 0.008309647468852 0.0169649883994337
2.335 0.2 0.176768507640258 0.00927641254128306 0.0205380516153271
2.335 0.3 0.232045587830429 0.0111129792690549 0.0265284537062033
2.335 0.4 0.356119418138976 0.0141380794317168 0.0395699069837999
2.335 0.5 0.496278229358491 0.0171693508728354 0.0543008720375431
2.335 0.6 0.68426657752895 0.0220714330673996 0.0743557679894143
2.335 0.7 0.832697428996293 0.0254151775569709 0.0900993134917101
2.335 0.8 0.846064951212612 0.0281270499950124 0.092200651400195
2.335 0.8938 0.886416000838551 0.0491105047948249 0.103503291752239
2.345 0 0.0914110648131697 0.00700880866577269 0.011759063620808
2.345 0.1 0.131734593546296 0.00758222023060765 0.0156042886695403
2.345 0.2 0.174129224941313 0.00896241134792798 0.0201517402036012
2.345 0.3 0.215723400816412 0.0102900138282438 0.0245976356172796
2.345 0.4 0.30127119081035 0.0124913264962656 0.0336765455139822
2.345 0.5 0.494556930426527 0.0163037052768946 0.0539553101115109
2.345 0.6 0.656727513105223 0.0212672181169233 0.0715050294752023
2.345 0.7 0.784791736059792 0.0247193766720039 0.0852810596090518
2.345 0.8 0.892081152836536 0.0297415017743733 0.0972964761241153
2.345 0.8941 0.890317309835364 0.051211166207547 0.104918486753499
2.355 0 0.0933844810303034 0.00679654023155323 0.0118138968453097
2.355 0.1 0.119965191967952 0.00730222117673912 0.0144291417292162
2.355 0.2 0.176880227283936 0.00928016603387126 0.0205994761384948
2.355 0.3 0.229232976672914 0.0108069026573106 0.0261822986265126
2.355 0.4 0.339674366904672 0.013346413112139 0.0377843169772435
2.355 0.5 0.51877681637225 0.0171558075055563 0.056695228341548
2.355 0.6 0.704977644714033 0.0224180107577671 0.0768186325008278
2.355 0.6999 0.791920806206005 0.0249618471621665 0.0861798047293888
2.355 0.8 1.02562655924144 0.0340245847452393 0.112051534149824
2.355 0.8936 0.911937828397503 0.0516228234434662 0.107210695462697
2.365 0 0.0915405515093925 0.00728163962194561 0.0119691432114826
2.365 0.1 0.123746198782036 0.007740659433219 0.0149996360767355
2.365 0.2 0.141638283144921 0.00836387916269275 0.0169249640553574
2.365 0.3 0.217588766848132 0.010765643103076 0.025033162391488
2.365 0.4 0.313147513680187 0.0129557537808122 0.0350456507750356
2.365 0.5 0.477373282759295 0.0162289144869056 0.0522629255785003
2.365 0.6 0.658709560680575 0.0216661468644813 0.0719221737578039
2.365 0.7 0.841016458117761 0.0258028638689882 0.0913159447509421
2.365 0.7999 0.893056292057443 0.0297390819067469 0.0976181669713142
2.365 0.8931 0.914292637260656 0.0535608042586918 0.108522597331107
2.375 0 0.071002457280022 0.00608477641796108 0.00955494371920738
2.375 0.1 0.117270456287552 0.00764036580849346 0.0144122129586672
2.375 0.2 0.144148281336218 0.00879786263852663 0.0173980460552363
2.375 0.3 0.182768942158364 0.00970093468588874 0.0213801956073283
2.375 0.4 0.281169277783989 0.011874168505302 0.0316225159622604
2.375 0.5 0.45319745100885 0.0155788415792983 0.049765814580349
2.375 0.6 0.653450094449785 0.0213335355797166 0.0713950791381295
2.375 0.7 0.806603411281695 0.0250448902505283 0.0878101459286851
2.375 0.8 0.975204377924624 0.0318167090194655 0.10661245929664
2.375 0.8956 1.038906122502 0.0630636671695801 0.124177704217309
2.385 0 0.0670726783513773 0.00582576590782098 0.00907986478876653
2.385 0.1 0.0895994409916748 0.00635406489997992 0.0112711533418114
2.385 0.2 0.126194074863996 0.00783740619088219 0.0153099843784812
2.385 0.3 0.145628994386681 0.00852589423879953 0.0174001693120468
2.385 0.4 0.248497349971969 0.0115843158946656 0.0283984317682456
2.385 0.5 0.375413199472831 0.0141074348106474 0.0416535125559782
2.385 0.6 0.551612635751541 0.019744586110351 0.0608407888762309
2.385 0.7 0.711005067561206 0.0238174832917376 0.0779370559308127
2.385 0.8 0.86582798067625 0.0295545666486903 0.0951112848942375
2.385 0.8972 0.848158311804959 0.0550671487061428 0.103157273994425
2.395 0 0.0615151179011995 0.0060013944867726 0.00878083910252438
2.395 0.1 0.0716405286303512 0.00584412705645003 0.00947908211724464
2.395 0.2 0.111521450158764 0.00733566471851074 0.0137442574322545
2.395 0.3 0.147224984155824 0.0086643604814799 0.0176119052499608
2.395 0.4 0.23532269575642 0.0109218151600859 0.0268692854939344
2.395 0.5 0.377129154497594 0.0148600868364951 0.0420928449142658
2.395 0.6 0.540839224276313 0.0200393564337727 0.0599200739564819
2.395 0.7 0.70330361029342 0.0252989301237225 0.0776587737976596
2.395 0.8 0.830209366521204 0.0304591902650872 0.0918377151264222
2.395 0.8954 0.81844531619423 0.0522339089272323 0.0993308334919743
2.405 0 0.0557992770314653 0.00524274001505023 0.00781127315655398
2.405 0.1 0.0708404939637484 0.00562959748961056 0.00927215367079815
2.405 0.2 0.0894767720262831 0.00651202081201575 0.0113646156168271
2.405 0.3 0.144325899864879 0.00894328354007017 0.0175239550357316
2.405 0.4 0.253107434601455 0.0120925372041079 0.0290966774259065
2.405 0.4999 0.376911921072972 0.0150443825998215 0.0422085443936609
2.405 0.6 0.548284049767916 0.0211307033622746 0.0611425219637371
2.405 0.7 0.674461716781888 0.0238151458760965 0.0744644712111979
2.405 0.8 0.825105829226135 0.0304850604174075 0.0914786064923683
2.405 0.8965 0.792050623501427 0.0545263178015251 0.0982428312934921
2.415 0 0.0549165184642657 0.00535389315499298 0.00784883575024059
2.415 0.1 0.0703733198389331 0.00576552332108605 0.00934827099548425
2.415 0.2 0.0852098089507234 0.00617242250664194 0.0108273214814755
2.415 0.3 0.135696174871304 0.00850800856004513 0.0165542453478259
2.415 0.3999 0.226745560048838 0.0112354186525721 0.0262579330618459
2.415 0.5 0.342781106055815 0.0140061079039386 0.0385383832625306
2.415 0.6 0.541202434184747 0.0204046545507164 0.0602751253525333
2.415 0.7 0.650156851577527 0.0227793338958385 0.0717787189232587
2.415 0.8 0.794745484277317 0.0288563543226891 0.0880910354511237
2.415 0.8994 0.875408405119085 0.0570666775487571 0.106616003989311
2.425 0 0.0520947742632543 0.00498795124035634 0.00738235694380038
2.425 0.1 0.058724838199742 0.00510076570932787 0.00797846530979568
2.425 0.2 0.0920795960448309 0.0065895131670112 0.0116771833420208
2.425 0.3 0.127333662631056 0.00744736102249958 0.0152393064124835
2.425 0.4 0.197506624651107 0.00955957524249061 0.0227757538499066
2.425 0.5 0.346117682941338 0.0137165873628678 0.0387799798173947
2.425 0.6 0.484736382800562 0.0183237206652333 0.0540239897106755
2.425 0.6999 0.666813404257684 0.0232668762657348 0.0736935209727859
2.425 0.7999 0.842599454415546 0.0303263134395843 0.0934506032619641
2.425 0.8853 0.866506867871164 0.0507382036364126 0.103675683321725
2.435 0 0.0530023715686778 0.0051178056721629 0.00754403176626489
2.435 0.1 0.0638289292860884 0.00518430596275532 0.00845040943115711
2.435 0.2 0.0859978329260414 0.00632582579424979 0.0109982202981748
2.435 0.3 0.116730902676594 0.00693544188966082 0.0140221553138231
2.435 0.4 0.193061834537221 0.00982313307383139 0.0224908827810175
2.435 0.5 0.349827817517703 0.0131025387840001 0.0389932604146548
2.435 0.6 0.534921536921314 0.0195335563622525 0.0594483826095298
2.435 0.7 0.630313443012787 0.0220970876851747 0.0697861478998919
2.435 0.8 0.810925674415399 0.0289899575457624 0.0898609555881037
2.435 0.8974 0.878526116879568 0.0647264434801943 0.111540175543376
2.445 0 0.0511023223244853 0.00482005023982403 0.00720025033964968
2.445 0.1 0.0541384351043026 0.00512027743088597 0.00763758938291007
2.445 0.1999 0.0810611034872903 0.00609369123298056 0.0104634455064036
2.445 0.3 0.113820309794806 0.00720491437094177 0.0139291519068958
2.445 0.4 0.189309776597331 0.00948715598812179 0.0220208583892035
2.445 0.5 0.306193487451882 0.012502484143941 0.0345171387410861
2.445 0.6 0.497765073359043 0.0190768992869737 0.0557134467460194
2.445 0.7 0.687737036229281 0.0235546094697623 0.0760466400234266
2.445 0.8 0.819668863436102 0.0298084285992769 0.0912014284955588
2.445 0.8868 0.787016320725262 0.0501660496949857 0.0962867837699678
2.455 0 0.0447071690056642 0.00467468409771381 0.00662684781548541
2.455 0.1 0.0514206681673641 0.00467192716835083 0.00713827419116551
2.455 0.2 0.0650840120540824 0.00506341722447297 0.00849657998816784
2.455 0.3 0.109286056134472 0.0069074257132966 0.0133954486554837
2.455 0.4 0.167368161962093 0.00845762061743404 0.0194999198917883
2.455 0.4999 0.281898870555204 0.0117064985877664 0.0318682365552063
2.455 0.6 0.48020747307404 0.0176268565417839 0.0535040992698183
2.455 0.7 0.650283878948521 0.0227215251478258 0.0721112808585118
2.455 0.7999 0.815271083894779 0.0289297970426083 0.0906187212958467
2.455 0.886 0.873255617755863 0.0514806841333587 0.10487099894685
2.465 0 0.0384295422962784 0.00467699014462606 0.0061748490587522
2.465 0.1 0.0570403757279506 0.00548287883892815 0.00813060834342305
2.465 0.2 0.0644506709188545 0.00575895230947154 0.00889168807677444
2.465 0.2999 0.105913298697579 0.00749236304125618 0.0134221417968245
2.465 0.3999 0.165477828887141 0.00906745646926185 0.019623762888582
2.465 0.5 0.292112868417388 0.0129217581181951 0.0333430685406408
2.465 0.6 0.447386442401678 0.0177248699846799 0.0502860030350087
2.465 0.6999 0.627763752785064 0.0222209058666683 0.0697630065656738
2.465 0.8 0.789740123426844 0.0307221217267828 0.0886602717225288
2.465 0.8889 0.85188634556568 0.056779986492658 0.105558149544489
2.475 0 0.0485764103536014 0.00502585378604847 0.00717413840539726
2.475 0.1 0.0457121288162158 0.00444508700786881 0.00654639362577848
2.475 0.2 0.051176973175715 0.00453977512666509 0.00703919684560531
2.475 0.3 0.0958516209958958 0.00652048831167006 0.0120042565355415
2.475 0.3999 0.158594168044193 0.00846519567090824 0.0187322636292426
2.475 0.5 0.283997452459306 0.0118147990052947 0.0322063314153411
2.475 0.6 0.434961171730763 0.0172047941264316 0.0490401079712571
2.475 0.7 0.641232316046583 0.0223925054264704 0.071308878619611
2.475 0.8 0.855385147453505 0.0304884207511892 0.0953298984596967
2.475 0.8841 0.856536514520154 0.0543031089035185 0.105089600985822
2.485 0 0.0400269816440216 0.00445905357652945 0.00613732891100419
2.485 0.1 0.0452336221959876 0.00428037102281878 0.00639504557089065
2.485 0.2 0.0551303902088622 0.00462100783890534 0.00740884613973094
2.485 0.3 0.0859578165633559 0.00614820713643437 0.0109333651743651
2.485 0.4 0.148773117476087 0.0078632968067407 0.0175349646878064
2.485 0.5 0.250510930642582 0.0111495667690118 0.0286739633664996
2.485 0.6 0.417062571913748 0.0172936382409129 0.0473318948357451
2.485 0.7 0.590297263964914 0.0211428812832229 0.0658395141719743
2.485 0.8 0.82231159816202 0.0301250853198029 0.0919816075906471
2.485 0.8845 0.886609440429218 0.057396564558552 0.109453304091137
2.495 0 0.0398811991693927 0.00432815414292892 0.00603228824995415
2.495 0.1 0.0403101270589315 0.00423925254553851 0.00600467920165314
2.495 0.2 0.0513608660766021 0.00485452965601728 0.00727274541414477
2.495 0.3 0.0769753247596004 0.00547416060159514 0.00977946398523755
2.495 0.3999 0.128945504762853 0.00770208479021307 0.0156308680231204
2.495 0.5 0.249606624367577 0.011176135301294 0.0286637714731542
2.495 0.5999 0.400128968429781 0.0170112316920274 0.0455663261471263
2.495 0.7 0.582836607041589 0.0215504583055515 0.0653157441700014
2.495 0.8 0.698065726104984 0.0262420607970617 0.0784740483814382
2.495 0.8843 0.773182112999804 0.0520836166182601 0.0966236578882893
2.505 0 0.0379337803577443 0.00417050552318892 0.00578044980661876
2.505 0.0999 0.0393726360423999 0.00426105060599578 0.00595645103162739
2.505 0.2 0.0449789793319798 0.00416375308607171 0.00630688853920326
2.505 0.3 0.0691036968564365 0.00570861083223745 0.00925999413184056
2.505 0.4 0.128644054275894 0.00752843736963254 0.0155220122670117
2.505 0.5 0.228446716068107 0.0104409200648245 0.0263188561678879
2.505 0.5999 0.40372253132599 0.0164214298659597 0.0457966961860442
2.505 0.7 0.534077741074989 0.0198210924961041 0.0599363061174469
2.505 0.8 0.853855162455017 0.0311972805215844 0.0956604863858119
2.505 0.887 0.73593591364341 0.0474341598663852 0.0907380754869209
2.515 0 0.0352938981199717 0.00434728217870276 0.00573123093975533
2.515 0.1 0.0370384062801445 0.00403615580262454 0.00562158835216782
2.515 0.2 0.0472450134047447 0.00446891856527648 0.00670266192118815
2.515 0.3 0.0672148662131356 0.0053252315870126 0.00886839255414285
2.515 0.3999 0.126436468347061 0.00749582494471092 0.0153407289816464
2.515 0.4999 0.233316192246675 0.0108623071998443 0.0269969528215906
2.515 0.6 0.346375303011503 0.0151168156633606 0.0397292598631079
2.515 0.7 0.531837379078825 0.0197304031895232 0.0597767049555688
2.515 0.8 0.75537338905086 0.0292357364785421 0.0853267212787783
2.515 0.8845 0.781300788086094 0.0532464460750492 0.0981083469021868
2.525 0 0.0366433282550524 0.00458922047935874 0.00600854474501793
2.525 0.1 0.0304660140098675 0.00391401190616677 0.00507069757477624
2.525 0.2 0.0359726053483904 0.00382887119172727 0.00539085244191261
2.525 0.3 0.0524330188359645 0.00507936027658703 0.00751228998316046
2.525 0.4 0.105982580556435 0.00700186659483538 0.0132185231711981
2.525 0.5 0.207117950404183 0.0101386385845122 0.0241799521612907
2.525 0.6 0.315001595648492 0.0150261138205204 0.0366483926597211
2.525 0.7 0.528602587488779 0.0205640470615786 0.0597944697393894
2.525 0.7999 0.780980978857752 0.0311130772325219 0.088625671722068
2.525 0.8831 0.83918193752729 0.0579781921393406 0.105989461797459
2.535 0 0.0317650062359131 0.00398311555972767 0.00521214494964185
2.535 0.1 0.0338178147616039 0.00360173963425437 0.00507633452491758
2.535 0.2 0.0385239139489285 0.00412988638778719 0.00580517736238624
2.535 0.3 0.0521588248540996 0.00460221462410174 0.00718273487314956
2.535 0.4 0.103477115923834 0.0069061412117184 0.0129639712582832
2.535 0.5 0.18527120509572 0.00946765887862803 0.0218265506662193
2.535 0.6 0.291249788671331 0.0131379999908992 0.0336113648285199
2.535 0.7 0.495679622870257 0.019633545831997 0.0562140413706067
2.535 0.8 0.714564298074579 0.0280277836747923 0.0810116432574621
2.535 0.8855 0.822266805765706 0.0556330649298572 0.103135040941006
2.545 0 0.0398255529347903 0.00446780494039436 0.00615206574172246
2.545 0.1 0.0316067852793454 0.00351990889638623 0.00485648715665348
2.545 0.2 0.0261501246981231 0.00314171132484638 0.00418484325546028
2.545 0.3 0.0498257760464966 0.00478932279478123 0.00713562464696695
2.545 0.4 0.0968366611485222 0.00615830006184503 0.011984219336108
2.545 0.4999 0.168011523308324 0.00885500897063294 0.0199323532944669
2.545 0.6 0.317129701121295 0.0145315880402278 0.0367010717138294
2.545 0.7 0.524057797394713 0.0195704697193945 0.0590852923360732
2.545 0.7999 0.669132858682461 0.026655786079748 0.0760387770023221
2.545 0.8857 0.830134466751807 0.0583990582138667 0.105409827281247
2.555 0 0.0327480971131187 0.00399659181732443 0.00529446359389416
2.555 0.1 0.0285470568250838 0.00328296757324716 0.00446160898769574
2.555 0.2 0.0333899833425585 0.00346993992728174 0.00495479537234558
2.555 0.3 0.0458283476969055 0.00444738218448326 0.00658809615070699
2.555 0.3999 0.0920622544442714 0.00619125922473348 0.011575714810002
2.555 0.5 0.183582219117928 0.00978492664836313 0.0218352781924168
2.555 0.6 0.30441432845182 0.013742979734794 0.0351837135118528
2.555 0.7 0.478280802735924 0.0189096041606218 0.0543547755839506
2.555 0.8 0.684446403414407 0.0272251416960827 0.0778486751278092
2.555 0.8854 0.859812161376589 0.0585329304216666 0.108217265533293
2.565 0 0.0321607547807635 0.00390341865539999 0.00519187187037487
2.565 0.1 0.0230200315021367 0.00300036322810307 0.00386597567797246
2.565 0.2 0.0261479870857937 0.00320045782148331 0.00423852983272816
2.565 0.3 0.0412265840958554 0.00412952762022712 0.00602062059011224
2.565 0.4 0.0878656413644278 0.00596168205480577 0.0110930223497571
2.565 0.4999 0.172645767605363 0.00898071410524536 0.0204570932783869
2.565 0.6 0.28444978468348 0.0132049076851307 0.0330482235170549
2.565 0.7 0.522164084450929 0.0201975842700889 0.0591901373458944
2.565 0.8 0.760387270814287 0.0302333111038728 0.0865808281283777
2.565 0.8853 0.736435824001807 0.0544458275093302 0.095169149919015
2.575 0 0.0309710669211225 0.00407311236130926 0.00524469758858511
2.575 0.1 0.0249785727839705 0.00378013105973369 0.00462348841067591
2.575 0.2 0.0248624273762087 0.00322218256599122 0.00416758648947221
2.575 0.3 0.039065166889208 0.00408500213679432 0.00582985953005726
2.575 0.4 0.0696352584776239 0.0049411537453451 0.00889935092416624
2.575 0.4999 0.163863486095259 0.00887311097577323 0.0195881874531488
2.575 0.6 0.268204216403295 0.0128944131007673 0.0314120109776747
2.575 0.7 0.483659140768044 0.0189787211070709 0.0550499903785186
2.575 0.8 0.66883071746666 0.0277314408244981 0.076648763160457
2.575 0.8849 0.898199703217832 0.0648108164196208 0.115281507701177
2.585 0 0.018420853924149 0.00314507786693695 0.00370371498404854
2.585 0.1 0.0271297664294124 0.003650380243791 0.00465779726117775
2.585 0.1999 0.026201204687121 0.00343992810267161 0.00442799320531312
2.585 0.3 0.0367093101804924 0.00411496083587838 0.00567521792604725
2.585 0.3999 0.0620258367348959 0.0051978942529672 0.00840702110211049
2.585 0.5 0.14506076461726 0.00910742271236541 0.017958735746257
2.585 0.6 0.28021403098694 0.0137975244775517 0.03297066352588
2.585 0.7 0.466442603146491 0.0195126963047275 0.0535361036780007
2.585 0.7999 0.72500470800195 0.0307651603200256 0.0833848130216975
2.585 0.8859 0.894852350823758 0.0667420454908218 0.116108965440139
2.595 0 0.0276412704271751 0.00399281910785413 0.0049649606088881
2.595 0.1 0.0280340435725157 0.00367586408235485 0.00473772565820068
2.595 0.2 0.0203809292068356 0.00305832111665127 0.00374633664040714
2.595 0.3 0.0313900024114064 0.00380885927362124 0.00506478267908488
2.595 0.3999 0.0665199276332082 0.00539749833772515 0.00891189768545166
2.595 0.4999 0.140024848699873 0.0086696625994842 0.0172807586208176
2.595 0.6 0.252481501656496 0.0128612882582043 0.0299044079397905
2.595 0.7 0.480582960565467 0.0210550052913381 0.0555697732002825
2.595 0.8 0.668802353022461 0.0291071085976324 0.0773532062506882
2.595 0.8856 0.795977393089546 0.0658832331603985 0.10725044741266
2.605 0 0.022192309966944 0.00290807157544823 0.00375470571881226
2.605 0.1 0.0218208835455671 0.00253988701891513 0.00344911636753814
2.605 0.2 0.0244889767047165 0.00263934591774443 0.00371646901291092
2.605 0.3 0.0295832946948703 0.00293696190126304 0.00431461184299574
2.605 0.4 0.0576165225436091 0.00408303486043345 0.00739501352245356
2.605 0.4999 0.129865918901793 0.00694443322329898 0.0155485723666564
2.605 0.6 0.241549953311554 0.0110656609649383 0.0281597217528527
2.605 0.7 0.469465477389363 0.0174553301633734 0.0533137248556934
2.605 0.8 0.723977543269118 0.0283232923171137 0.0827340443760365
2.605 0.8818 0.75272602472623 0.0532241549101984 0.0964155643583572
2.615 0 0.0253734788085395 0.00290878913756196 0.00397759679389179
2.615 0.1 0.0233973421788383 0.00259372346940447 0.00360356865577674
2.615 0.2 0.0196932453299914 0.00238772386446076 0.00318310947373773
2.615 0.3 0.0297568507577728 0.00290085907562518 0.00430662785332651
2.615 0.4 0.0486128439055943 0.00360634244097727 0.00633634241147618
2.615 0.5 0.117885418897547 0.00667846661988788 0.0142936703407621
2.615 0.6 0.220417928849928 0.00961585317021384 0.025557754953882
2.615 0.7 0.450255241773398 0.0165877476658304 0.0511184481879517
2.615 0.7999 0.671857219744527 0.0244832503466817 0.0762772440338538
2.615 0.8819 0.714113698167025 0.0475292842449726 0.0899342517406001
2.625 0 0.0272852250879194 0.00360824904810914 0.0046452377930978
2.625 0.1 0.0283204530465889 0.00334046721564371 0.00450804021948419
2.625 0.2 0.0157958654006184 0.00246216013172293 0.00298362474553571
2.625 0.3 0.0288766317890145 0.00339918902775676 0.00459247066638058
2.625 0.3999 0.0483904525423613 0.00418572809682707 0.00665977733011206
2.625 0.5 0.127228260976405 0.00786980277498678 0.015746942662961
2.625 0.6 0.245745391391753 0.0123149569052385 0.0291144671893765
2.625 0.7 0.463657178629382 0.0191791510445687 0.0534284776068991
2.625 0.8 0.643260499680373 0.0277558178490016 0.074538174391023
2.625 0.8858 0.923226150436365 0.0790282213511711 0.126267908426488
2.635 0 0.0259738470948572 0.00390371200346113 0.004798329196106
2.635 0.1 0.0218215568156584 0.00323023245715536 0.00399134099409154
2.635 0.2 0.0166624146689388 0.00293292391186584 0.00343379414652054
2.635 0.3 0.0215566907760231 0.00312233817906367 0.00388266823376515
2.635 0.4 0.0397018446490967 0.00368232126349893 0.00562063037908389
2.635 0.5 0.111985890445133 0.00726518957059046 0.014037561617638
2.635 0.6 0.223474501520991 0.0115073793562556 0.0266243108852844
2.635 0.7 0.415176008690381 0.0187983656010617 0.0484560782712135
2.635 0.7999 0.582195945828671 0.0267682775486631 0.0681692560001609
2.635 0.8866 0.772339140637191 0.0668591224436137 0.106123266826241
2.645 0 0.030948435505547 0.00402399943051646 0.00522212068666231
2.645 0.1 0.020022801821658 0.00296655069383367 0.00366273107969267
2.645 0.2 0.0142355770002781 0.0023918919094497 0.00283654316207128
2.645 0.2999 0.0174024273020349 0.00256486822514254 0.00316884263292739
2.645 0.4 0.0432538625025296 0.00381932878056103 0.00600803030175315
2.645 0.5 0.100216367922441 0.00715356913138056 0.0129277509163069
2.645 0.6 0.207402573051718 0.0110321802798432 0.0248953328075608
2.645 0.7 0.36956598161811 0.0174274385126567 0.0434736772299964
2.645 0.7999 0.589736742476644 0.0258546116126343 0.0686242327471021
2.645 0.8864 0.75567142155025 0.0649503696239676 0.103626397154049
2.655 0 0.0183471417159311 0.002961904894537 0.00355710553892768
2.655 0.1 0.0174690228872321 0.00257411127064309 0.00318577477358258
2.655 0.2 0.0144190373690254 0.00211423815604292 0.00261584209566508
2.655 0.3 0.0171812960837462 0.0024175694777139 0.00303786251277677
2.655 0.4 0.0419551298447134 0.00373389549304341 0.00584955943399575
2.655 0.5 0.0892677406772433 0.00629930936980232 0.011482297311754
2.655 0.6 0.212218103477332 0.0111211900650814 0.025431628867011
2.655 0.7 0.384866178666201 0.0168094684969506 0.04480257178646
2.655 0.7999 0.559304538536914 0.0241869422241913 0.065044230756837
2.655 0.8846 0.738099779457398 0.06790692516711 0.104236120674848
2.665 0 0.0198473535440364 0.00310873338422106 0.00377321000897936
2.665 0.1 0.0167753308610996 0.00261793611214007 0.00317979427745771
2.665 0.2 0.0110447284451454 0.00198879963780569 0.00231592945241467
2.665 0.3 0.0131110415776347 0.00226255815704983 0.00266396590704045
2.665 0.3999 0.0387279903490308 0.00365685922091799 0.00554633357043347
2.665 0.5 0.097596892650994 0.00669964562688846 0.0124769884234524
2.665 0.6 0.190487602505591 0.0101444577697794 0.0229225315762896
2.665 0.7 0.396172686134071 0.0168739024287909 0.046031664441837
2.665 0.7999 0.593301932626577 0.0251386992114267 0.0689146796921936
2.665 0.8853 0.70553239428729 0.0689742879592622 0.102363318646907
2.675 0 0.0184290033616308 0.0028255592549176 0.00344976028934314
2.675 0.0999 0.0192230135422159 0.00295127011383542 0.00360628357457627
2.675 0.2 0.0116380745864886 0.00205445198552933 0.00240421857247227
2.675 0.3 0.0154801948938533 0.00239152329872689 0.00291203344146973
2.675 0.4 0.0341095790812382 0.00327475456778854 0.00491447008817481
2.675 0.4999 0.0799739515031839 0.00600905113235509 0.0105008045601117
2.675 0.6 0.205486922759993 0.0111740469049826 0.0248367542205717
2.675 0.7 0.348837014533792 0.0166800906495281 0.0412110585732951
2.675 0.8 0.619916928413272 0.0282266299396431 0.0727883944153922
2.675 0.8883 0.687832712419739 0.0720339838445576 0.102999475706076
2.685 0 0.0188634973879893 0.00329972071845938 0.00387712130998999
2.685 0.1062 0.0170886505904351 0.00325123375722612 0.00373718587249132
2.685 0.2 0.0113983855807188 0.00201096495988755 0.00235306371194471
2.685 0.3 0.0153766944547319 0.0025407613133226 0.0030306771113927
2.685 0.4 0.0317892391866607 0.00333261515529399 0.00477638645059541
2.685 0.5 0.0905316725883001 0.00702809960757101 0.0120384580804465
2.685 0.6 0.184483004244387 0.0104655296447768 0.0225228042073003
2.685 0.7 0.374123411872724 0.0182430151926871 0.0444324399436994
2.685 0.7999 0.602797946760355 0.0296333854836379 0.0717549605967112
2.685 0.8898 0.6109224612598 0.0716918618212572 0.0970254177758837
2.695 0 0.0242010630180131 0.00351667204578699 0.00438273773398588
2.695 0.1 0.0176973885085713 0.00284414815706929 0.00342640690708897
2.695 0.2 0.0121975644823167 0.00227739764854578 0.00262848571190678
2.695 0.3 0.0119585123028324 0.00220876645374184 0.00255609377959878
2.695 0.3999 0.0290307968876623 0.00321619829348266 0.00448464355288936
2.695 0.5 0.0790316430013225 0.00639042643838475 0.0106562677309639
2.695 0.6 0.181831150648204 0.0106083777745096 0.0223496502574217
2.695 0.7 0.339376344247657 0.0171170780203062 0.0405843534634748
2.695 0.8 0.593525782063539 0.0307938691284579 0.0713685643865925
2.695 0.8957 0.661856051172988 0.0892817932904449 0.113787701886843
2.705 0 0.0236698699930019 0.00307230887925538 0.00399454872946237
2.705 0.1 0.01973176186478 0.00265919169269227 0.0034045479771482
2.705 0.2 0.0100362778501628 0.00204590340212561 0.00231410951264255
2.705 0.3 0.00976224533460649 0.00183229783578278 0.00211167845585318
2.705 0.3999 0.0267048421027396 0.00287100896053433 0.0040694877506723
2.705 0.5 0.0738916369461827 0.0058885212721705 0.00992105954949547
2.705 0.6 0.192920636745125 0.0103955791494443 0.0233602933801504
2.705 0.7 0.336680175619476 0.0158306794248056 0.0398265061445204
2.705 0.8 0.58296815552452 0.0254665525744836 0.0682428711361922
2.705 0.8778 0.771013439517739 0.0686918560307737 0.107874103822141
2.715 0 0.0191352077217222 0.00291818801809026 0.00357970187897238
2.715 0.1 0.0170341390192392 0.00260304898099931 0.00319055599581194
2.715 0.2 0.00890539768825353 0.00158958653959142 0.0018558954863951
2.715 0.3 0.0108414090782573 0.00188831764657593 0.00222282885658025
2.715 0.4 0.0227692023740619 0.0024449480197397 0.00346521054726647
2.715 0.4999 0.0728484829591566 0.00564270735432244 0.00968783805748939
2.715 0.6 0.160342610300246 0.00925134284599944 0.0197021303377907
2.715 0.7 0.361953235188554 0.0163781680457018 0.042629958986697
2.715 0.8 0.567027807011843 0.0261756217280203 0.0670338550497435
2.715 0.8973 0.799538503901356 0.10359850330108 0.134193688313586
2.725 0 0.0176068946616619 0.00283096162358203 0.0034153943550722
2.725 0.1 0.0144277755654074 0.0024081739869915 0.00286943764981447
2.725 0.2 0.00931217704117073 0.00188108517388139 0.00213386105924564
2.725 0.3 0.00945715071271681 0.00176046972103276 0.00203626128929133
2.725 0.4 0.0230397052600144 0.0028268805374391 0.0037680896496104
2.725 0.5 0.0617946162514569 0.00546832928210582 0.00864885719721246
2.725 0.6 0.16397890214691 0.00944022957910501 0.0201724161904255
2.725 0.7 0.316185047473146 0.0161107712386556 0.0379797526880669
2.725 0.8 0.645954436483279 0.0295133750228013 0.0763597825862053
2.725 0.8751 0.659773983412945 0.0677613252423686 0.0984830159841856
2.755 0 0.0143887044777979 0.00245923604197481 0.00291382421476837
2.755 0.1 0.0124784809072276 0.00216868556731191 0.00255830251188569
2.755 0.2 0.00804422697207325 0.00157020292369943 0.00179515482103998
2.755 0.3 0.00686145318276832 0.00133006903480625 0.00152329153140198
2.755 0.4 0.0183068338870511 0.00233914261904269 0.00306746386186515
2.755 0.5 0.058147435426639 0.00523283592550957 0.00821204097101894
2.755 0.6 0.144971227145382 0.00901469641882928 0.0181896316401724
2.755 0.7 0.306939330812392 0.0162703419003619 0.0372513061467375
2.755 0.8 0.512906124011327 0.0240775117685568 0.0610523568551274
2.755 0.8779 0.468998357560324 0.0584868605689863 0.0775234386512049
2.765 0 0.0160120160259176 0.00285396971156348 0.00334487974829742
2.765 0.1 0.0128828555701963 0.00244454906575592 0.00281717129007752
2.765 0.1955 0.00630382398782699 0.00175017983610153 0.00187864903637972
2.765 0.3 0.00805939479539309 0.00178200676793452 0.00198607095338032
2.765 0.4 0.0183080473411402 0.00262176508321823 0.00329395710915702
2.765 0.5 0.0517800588241498 0.00498335896421918 0.00752581914028142
2.765 0.6 0.136977465967301 0.00917177020424238 0.0175335880357432
2.765 0.7 0.322173384965555 0.0166813261912997 0.0389878081834546
2.765 0.8 0.506047715729689 0.0239868912358239 0.0603827822252724
2.765 0.8784 0.614048953616954 0.0687334258385644 0.0957596457673169
2.775 0 0.0153218908181206 0.00255016194891458 0.00304770216994161
2.775 0.0999 0.0109647239153649 0.00193563628021567 0.00227409333370279
2.775 0.2 0.00531889106529083 0.00138660194580684 0.00150209894166387
2.775 0.3 0.00613703253079063 0.00131878648322724 0.00147762053500015
2.775 0.4 0.0136878926734697 0.00200417345662932 0.00249630962095562
2.775 0.5 0.0527824050804993 0.00476430510346664 0.00747961998201804
2.775 0.6 0.118674262505682 0.00791749403687131 0.015193672474264
2.775 0.7 0.260247788207112 0.0142288044999342 0.0318550441377047
2.775 0.7999 0.521734830761033 0.0246358060472157 0.0622927109124752
2.775 0.8759 0.616274508891876 0.0731528394676952 0.0992689864737912
2.785 0 0.0122112268604176 0.00220797710563757 0.0025772730562226
2.785 0.0976 0.0116201914605228 0.00207110911042282 0.00242556061466302
2.785 0.2 0.00614830623269137 0.00136709157206871 0.00152107242182216
2.785 0.3 0.004700199093568 0.000983410013851949 0.0011073632708901
2.785 0.4 0.0125587493960082 0.0016942915401161 0.00217488779748804
2.785 0.4999 0.041102657763726 0.00400576560070266 0.0060104714862774
2.785 0.6 0.120336712594533 0.00757188054066615 0.0151819306364591
2.785 0.7 0.269018173135932 0.0137337426276633 0.0325185003831475
2.785 0.7999 0.429532626114198 0.0205764354508574 0.0514321634330465
2.785 0.8753 0.593543929907803 0.062840922751556 0.0902159823940317
2.795 0 0.0137623795770142 0.00236214343555239 0.00279762297061173
2.795 0.1 0.0105427731522008 0.00201849772590356 0.0023216323750616
2.795 0.1972 0.00653658151512969 0.00151242259822056 0.00166964564101245
2.795 0.3 0.00533624569115967 0.00125988357626534 0.00138686847452491
2.795 0.4 0.0128303607783523 0.00188831191265669 0.00234878509200244
2.795 0.5 0.0404276925507951 0.00412587446836826 0.00603650858967377
2.795 0.6 0.114267814451123 0.00798549566781439 0.0148489682648208
2.795 0.6999 0.27716953768903 0.0144437006386215 0.0336954437022724
2.795 0.8 0.468510730536885 0.0220380838980396 0.0560453988267081
2.795 0.8728 0.728000419214996 0.0780876389727135 0.111516096868223
2.805 0 0.0133395932066952 0.00228831065826035 0.00271250542023932
2.805 0.1 0.0100302057914609 0.00181030908737081 0.00211503660031823
2.805 0.2 0.00691673899691617 0.00149912867804356 0.00167852649030595
2.805 0.3 0.00410962730746517 0.00102228333590547 0.00111641769013647
2.805 0.4 0.013626488503109 0.00192788244512295 0.00243495737379842
2.805 0.5 0.039383688004397 0.00386621303843125 0.00578626752019459
2.805 0.6 0.107026745001259 0.00733063202144761 0.0138412828827223
2.805 0.7 0.270956448074804 0.0151498861411655 0.0334352261176912
2.805 0.8 0.465376344908525 0.0241737989876621 0.0566558877089706
2.805 0.8766 0.678303884571007 0.0889977701748866 0.115796660874057
2.815 0 0.0143550375641147 0.00257074833671956 0.00301163995464102
2.815 0.1 0.00875912822002914 0.00173302739545774 0.00197914017369917
2.815 0.1975 0.00658988706901929 0.00180237633190597 0.00194037942133131
2.815 0.3 0.00438196144816162 0.00106978257610003 0.00117170578683457
2.815 0.4029 0.0109401253077473 0.00210030670244267 0.00241706905038608
2.815 0.5 0.0309321141116205 0.00362285439118787 0.0049608140329184
2.815 0.6 0.112595758485381 0.00753798157419999 0.0144955401551578
2.815 0.7 0.264444809984675 0.0141945406862146 0.0323951222075691
2.815 0.7999 0.471582087361841 0.0230403906877317 0.0568490320538824
2.815 0.8752 0.487575763787852 0.0666307650381404 0.0853647557076147
2.825 0 0.0121409847066384 0.00233550754945234 0.0026875362880878
2.825 0.1 0.00811261780243174 0.00184833561524181 0.00205032206713603
2.825 0.2 0.00755905286999678 0.00159087308001972 0.00179236912015584
2.825 0.2978 0.00364602235219562 0.00115409490926715 0.00122027891761968
2.825 0.4025 0.0114271362987647 0.00197724048687695 0.00233840256920215
2.825 0.5 0.0321858020215619 0.00382894330573736 0.00520755807007338
2.825 0.6 0.102053577340079 0.00736157101897797 0.0134234350345464
2.825 0.7 0.256792693919994 0.0141504978521568 0.0316368539688881
2.825 0.8 0.446712599923668 0.0228761261308501 0.0543142573595977
2.825 0.8771 0.646484071396281 0.081432625847054 0.107874306380108
2.835 0 0.00942232421054515 0.0019670118635156 0.0022213372522186
2.835 0.1 0.00792866543796747 0.00163382929032137 0.00184965965409416
2.835 0.2046 0.00478255250377313 0.00124839881140956 0.0013533299321891
2.835 0.3012 0.00368631738541698 0.000960417727382699 0.00104057742780408
2.835 0.4 0.00776937030570297 0.00145175487835552 0.00168092220114064
2.835 0.5 0.0322659506110512 0.00374849835789836 0.0051608222237638
2.835 0.6 0.0918841898434186 0.00679568516497753 0.0121910316642763
2.835 0.6999 0.228646789542828 0.0138586038555618 0.028786643345434
2.835 0.8 0.418356630808979 0.0226196353105657 0.0514617408642566
2.835 0.876 0.433297605975494 0.0680324488539527 0.0829768832343245
# </data>
