# KOHRI 06 PRL 97,082003
# Photon beam asymmetry for GAMMA P --> K+ SIGMA0.

# x = COS(THETA(P=3,RF=CM))
# y = E(P=1) IN GEV
# z = POL


$vars: costhkcm & wlab (GeV) & S


# x   y     z  +- dz
# ------------------- 
.65 1.550 0.323 0.106
.65 1.650 0.419 0.088
.65 1.750 0.324 0.071
.65 1.850 0.420 0.059
.65 1.950 0.490 0.047
.65 2.050 0.496 0.044
.65 2.150 0.577 0.037
.65 2.250 0.586 0.037
.65 2.350 0.643 0.040
.75 1.550 0.493 0.072
.75 1.650 0.168 0.059
.75 1.750 0.379 0.047
.75 1.850 0.366 0.041
.75 1.950 0.471 0.035
.75 2.050 0.538 0.033
.75 2.150 0.586 0.029
.75 2.250 0.625 0.028
.75 2.350 0.639 0.030
.85 1.550 0.231 0.065
.85 1.650 0.303 0.056
.85 1.750 0.258 0.046
.85 1.850 0.389 0.039
.85 1.950 0.445 0.034
.85 2.050 0.542 0.031
.85 2.150 0.560 0.028
.85 2.250 0.577 0.027
.85 2.350 0.552 0.027
.95 1.550 0.081 0.053
.95 1.650 0.045 0.044
.95 1.750 0.121 0.037
.95 1.850 0.207 0.033
.95 1.950 0.322 0.030
.95 2.050 0.322 0.028
.95 2.150 0.381 0.024
.95 2.250 0.353 0.024
