# CLAS physics database search results
# Measurement E33M1
# g11a
# Biplab Dey, Curtis Meyer
# Published in Phys. Rev. C 82, 025202 (2010)


$vars: w (GeV) & costhkcm & diffcs -dcos -sysErr


# W	cos(theta_K+)	dsigma/dcos(theta K+)	Data errors	Systematic errors
# GeV	dimensionless	mcb	mcb	mcb
# <data diffcs >
2.605 0.4 0.0576165225436091 0.00408303486043345 0.00739501352245356
2.605 0.4999 0.129865918901793 0.00694443322329898 0.0155485723666564
2.605 0.6 0.241549953311554 0.0110656609649383 0.0281597217528527
2.605 0.7 0.469465477389363 0.0174553301633734 0.0533137248556934
2.605 0.8 0.723977543269118 0.0283232923171137 0.0827340443760365
2.605 0.8818 0.75272602472623 0.0532241549101984 0.0964155643583572
2.615 0.4 0.0486128439055943 0.00360634244097727 0.00633634241147618
2.615 0.5 0.117885418897547 0.00667846661988788 0.0142936703407621
2.615 0.6 0.220417928849928 0.00961585317021384 0.025557754953882
2.615 0.7 0.450255241773398 0.0165877476658304 0.0511184481879517
2.615 0.7999 0.671857219744527 0.0244832503466817 0.0762772440338538
2.615 0.8819 0.714113698167025 0.0475292842449726 0.0899342517406001
2.625 0.3999 0.0483904525423613 0.00418572809682707 0.00665977733011206
2.625 0.5 0.127228260976405 0.00786980277498678 0.015746942662961
2.625 0.6 0.245745391391753 0.0123149569052385 0.0291144671893765
2.625 0.7 0.463657178629382 0.0191791510445687 0.0534284776068991
2.625 0.8 0.643260499680373 0.0277558178490016 0.074538174391023
2.625 0.8858 0.923226150436365 0.0790282213511711 0.126267908426488
2.635 0.4 0.0397018446490967 0.00368232126349893 0.00562063037908389
2.635 0.5 0.111985890445133 0.00726518957059046 0.014037561617638
2.635 0.6 0.223474501520991 0.0115073793562556 0.0266243108852844
2.635 0.7 0.415176008690381 0.0187983656010617 0.0484560782712135
2.635 0.7999 0.582195945828671 0.0267682775486631 0.0681692560001609
2.635 0.8866 0.772339140637191 0.0668591224436137 0.106123266826241
2.645 0.4 0.0432538625025296 0.00381932878056103 0.00600803030175315
2.645 0.5 0.100216367922441 0.00715356913138056 0.0129277509163069
2.645 0.6 0.207402573051718 0.0110321802798432 0.0248953328075608
2.645 0.7 0.36956598161811 0.0174274385126567 0.0434736772299964
2.645 0.7999 0.589736742476644 0.0258546116126343 0.0686242327471021
2.645 0.8864 0.75567142155025 0.0649503696239676 0.103626397154049
2.655 0.4 0.0419551298447134 0.00373389549304341 0.00584955943399575
2.655 0.5 0.0892677406772433 0.00629930936980232 0.011482297311754
2.655 0.6 0.212218103477332 0.0111211900650814 0.025431628867011
2.655 0.7 0.384866178666201 0.0168094684969506 0.04480257178646
2.655 0.7999 0.559304538536914 0.0241869422241913 0.065044230756837
2.655 0.8846 0.738099779457398 0.06790692516711 0.104236120674848
2.665 0.3999 0.0387279903490308 0.00365685922091799 0.00554633357043347
2.665 0.5 0.097596892650994 0.00669964562688846 0.0124769884234524
2.665 0.6 0.190487602505591 0.0101444577697794 0.0229225315762896
2.665 0.7 0.396172686134071 0.0168739024287909 0.046031664441837
2.665 0.7999 0.593301932626577 0.0251386992114267 0.0689146796921936
2.665 0.8853 0.70553239428729 0.0689742879592622 0.102363318646907
2.675 0.4 0.0341095790812382 0.00327475456778854 0.00491447008817481
2.675 0.4999 0.0799739515031839 0.00600905113235509 0.0105008045601117
2.675 0.6 0.205486922759993 0.0111740469049826 0.0248367542205717
2.675 0.7 0.348837014533792 0.0166800906495281 0.0412110585732951
2.675 0.8 0.619916928413272 0.0282266299396431 0.0727883944153922
2.675 0.8883 0.687832712419739 0.0720339838445576 0.102999475706076
2.685 0.4 0.0317892391866607 0.00333261515529399 0.00477638645059541
2.685 0.5 0.0905316725883001 0.00702809960757101 0.0120384580804465
2.685 0.6 0.184483004244387 0.0104655296447768 0.0225228042073003
2.685 0.7 0.374123411872724 0.0182430151926871 0.0444324399436994
2.685 0.7999 0.602797946760355 0.0296333854836379 0.0717549605967112
2.685 0.8898 0.6109224612598 0.0716918618212572 0.0970254177758837
2.695 0.3999 0.0290307968876623 0.00321619829348266 0.00448464355288936
2.695 0.5 0.0790316430013225 0.00639042643838475 0.0106562677309639
2.695 0.6 0.181831150648204 0.0106083777745096 0.0223496502574217
2.695 0.7 0.339376344247657 0.0171170780203062 0.0405843534634748
2.695 0.8 0.593525782063539 0.0307938691284579 0.0713685643865925
2.695 0.8957 0.661856051172988 0.0892817932904449 0.113787701886843
2.705 0.3999 0.0267048421027396 0.00287100896053433 0.0040694877506723
2.705 0.5 0.0738916369461827 0.0058885212721705 0.00992105954949547
2.705 0.6 0.192920636745125 0.0103955791494443 0.0233602933801504
2.705 0.7 0.336680175619476 0.0158306794248056 0.0398265061445204
2.705 0.8 0.58296815552452 0.0254665525744836 0.0682428711361922
2.705 0.8778 0.771013439517739 0.0686918560307737 0.107874103822141
2.715 0.4 0.0227692023740619 0.0024449480197397 0.00346521054726647
2.715 0.4999 0.0728484829591566 0.00564270735432244 0.00968783805748939
2.715 0.6 0.160342610300246 0.00925134284599944 0.0197021303377907
2.715 0.7 0.361953235188554 0.0163781680457018 0.042629958986697
2.715 0.8 0.567027807011843 0.0261756217280203 0.0670338550497435
2.715 0.8973 0.799538503901356 0.10359850330108 0.134193688313586
2.725 0.4 0.0230397052600144 0.0028268805374391 0.0037680896496104
2.725 0.5 0.0617946162514569 0.00546832928210582 0.00864885719721246
2.725 0.6 0.16397890214691 0.00944022957910501 0.0201724161904255
2.725 0.7 0.316185047473146 0.0161107712386556 0.0379797526880669
2.725 0.8 0.645954436483279 0.0295133750228013 0.0763597825862053
2.725 0.8751 0.659773983412945 0.0677613252423686 0.0984830159841856
2.755 0.4 0.0183068338870511 0.00233914261904269 0.00306746386186515
2.755 0.5 0.058147435426639 0.00523283592550957 0.00821204097101894
2.755 0.6 0.144971227145382 0.00901469641882928 0.0181896316401724
2.755 0.7 0.306939330812392 0.0162703419003619 0.0372513061467375
2.755 0.8 0.512906124011327 0.0240775117685568 0.0610523568551274
2.755 0.8779 0.468998357560324 0.0584868605689863 0.0775234386512049
2.765 0.4 0.0183080473411402 0.00262176508321823 0.00329395710915702
2.765 0.5 0.0517800588241498 0.00498335896421918 0.00752581914028142
2.765 0.6 0.136977465967301 0.00917177020424238 0.0175335880357432
2.765 0.7 0.322173384965555 0.0166813261912997 0.0389878081834546
2.765 0.8 0.506047715729689 0.0239868912358239 0.0603827822252724
2.765 0.8784 0.614048953616954 0.0687334258385644 0.0957596457673169
2.775 0.4 0.0136878926734697 0.00200417345662932 0.00249630962095562
2.775 0.5 0.0527824050804993 0.00476430510346664 0.00747961998201804
2.775 0.6 0.118674262505682 0.00791749403687131 0.015193672474264
2.775 0.7 0.260247788207112 0.0142288044999342 0.0318550441377047
2.775 0.7999 0.521734830761033 0.0246358060472157 0.0622927109124752
2.775 0.8759 0.616274508891876 0.0731528394676952 0.0992689864737912
2.785 0.4 0.0125587493960082 0.0016942915401161 0.00217488779748804
2.785 0.4999 0.041102657763726 0.00400576560070266 0.0060104714862774
2.785 0.6 0.120336712594533 0.00757188054066615 0.0151819306364591
2.785 0.7 0.269018173135932 0.0137337426276633 0.0325185003831475
2.785 0.7999 0.429532626114198 0.0205764354508574 0.0514321634330465
2.785 0.8753 0.593543929907803 0.062840922751556 0.0902159823940317
2.795 0.4 0.0128303607783523 0.00188831191265669 0.00234878509200244
2.795 0.5 0.0404276925507951 0.00412587446836826 0.00603650858967377
2.795 0.6 0.114267814451123 0.00798549566781439 0.0148489682648208
2.795 0.6999 0.27716953768903 0.0144437006386215 0.0336954437022724
2.795 0.8 0.468510730536885 0.0220380838980396 0.0560453988267081
2.795 0.8728 0.728000419214996 0.0780876389727135 0.111516096868223
2.805 0.4 0.013626488503109 0.00192788244512295 0.00243495737379842
2.805 0.5 0.039383688004397 0.00386621303843125 0.00578626752019459
2.805 0.6 0.107026745001259 0.00733063202144761 0.0138412828827223
2.805 0.7 0.270956448074804 0.0151498861411655 0.0334352261176912
2.805 0.8 0.465376344908525 0.0241737989876621 0.0566558877089706
2.805 0.8766 0.678303884571007 0.0889977701748866 0.115796660874057
2.815 0.4029 0.0109401253077473 0.00210030670244267 0.00241706905038608
2.815 0.5 0.0309321141116205 0.00362285439118787 0.0049608140329184
2.815 0.6 0.112595758485381 0.00753798157419999 0.0144955401551578
2.815 0.7 0.264444809984675 0.0141945406862146 0.0323951222075691
2.815 0.7999 0.471582087361841 0.0230403906877317 0.0568490320538824
2.815 0.8752 0.487575763787852 0.0666307650381404 0.0853647557076147
2.825 0.4025 0.0114271362987647 0.00197724048687695 0.00233840256920215
2.825 0.5 0.0321858020215619 0.00382894330573736 0.00520755807007338
2.825 0.6 0.102053577340079 0.00736157101897797 0.0134234350345464
2.825 0.7 0.256792693919994 0.0141504978521568 0.0316368539688881
2.825 0.8 0.446712599923668 0.0228761261308501 0.0543142573595977
2.825 0.8771 0.646484071396281 0.081432625847054 0.107874306380108
2.835 0.4 0.00776937030570297 0.00145175487835552 0.00168092220114064
2.835 0.5 0.0322659506110512 0.00374849835789836 0.0051608222237638
2.835 0.6 0.0918841898434186 0.00679568516497753 0.0121910316642763
2.835 0.6999 0.228646789542828 0.0138586038555618 0.028786643345434
2.835 0.8 0.418356630808979 0.0226196353105657 0.0514617408642566
2.835 0.876 0.433297605975494 0.0680324488539527 0.0829768832343245
# </data>
