# CLAS physics database search results
# Measurement E33M1
# g11a
# Biplab Dey, Curtis Meyer
# Published in Phys. Rev. C 82, 025202 (2010)


$vars: w (GeV) & costhkcm & P -sysErr


# W	cos(theta_K+)	P_Sigma	Data errors	Systematic errors
# GeV	dimensionless	dimensionless	dimensionless	dimensionless
# <data P >
2.6 0.87 0.6666 0.07104 0.03
2.625 0.4 0.57664 0.11122 0.03
2.625 0.5 0.52074 0.07189 0.03
2.625 0.6 0.49047 0.05927 0.03
2.625 0.7 0.52729 0.04511 0.03
2.625 0.8 0.58188 0.04156 0.03
2.64 0.87 0.42157 0.08578 0.03
2.655 0.4 0.35133 0.12076 0.03
2.655 0.5 0.57499 0.09061 0.03
2.655 0.6 0.6541 0.06556 0.03
2.655 0.7 0.55073 0.05271 0.03
2.655 0.8 0.39396 0.04815 0.03
2.68 0.87 0.48453 0.09841 0.03
2.685 0.4 0.58405 0.14526 0.03
2.685 0.5 0.71017 0.10123 0.03
2.685 0.6 0.7004 0.07149 0.03
2.685 0.7 0.6264 0.05894 0.03
2.685 0.8 0.56688 0.04816 0.03
2.715 0.5 0.72354 0.10424 0.03
2.715 0.6 0.74722 0.0681 0.03
2.715 0.7 0.69236 0.05293 0.03
2.715 0.8 0.68237 0.04467 0.03
2.72 0.4 0.56999 0.15935 0.03
2.72 0.8625 0.68012 0.10623 0.03
2.745 0.5 0.80068 0.11649 0.03
2.745 0.6 0.69696 0.07938 0.03
2.745 0.7 0.60599 0.06281 0.03
2.745 0.8 0.51206 0.05238 0.03
2.76 0.86 0.46669 0.1261 0.03
2.765 0.4 0.61984 0.15012 0.03
2.775 0.5 0.79187 0.12134 0.03
2.775 0.6 0.69484 0.08462 0.03
2.775 0.7 0.55388 0.06004 0.03
2.775 0.8 0.51121 0.05148 0.03
2.8 0.86 0.43295 0.12925 0.03
2.805 0.5 0.43006 0.15062 0.03
2.805 0.6 0.37551 0.08871 0.03
2.805 0.7 0.36906 0.06632 0.03
2.805 0.8 0.40401 0.05613 0.03
2.815 0.402 0.29842 0.18636 0.03
2.83 0.5 0.43714 0.18983 0.03
2.83 0.6 0.55506 0.1193 0.03
2.83 0.7 0.56212 0.08126 0.03
2.83 0.8 0.49659 0.06865 0.03
2.83 0.86 0.42426 0.17342 0.03
# </data>
