#                :::::::::::::::::::::::::::::::::::::::::::::::
#			SAPHIR   data (1998)	(K-Sigma)
#	         :::::::::::::::::::::::::::::::::::::::::::::::
#
#
# M.Q. Tran et al. Phys. Lett. B 445, 20 (1998)

$vars: wlab_min (GeV) & wlab_max (GeV) & totcs -sysErr

# E_gamma (GeV)                dsigma (myb)
# -------------    ----------------------------------
1.05    1.075   0.2776        0.0509        0.0125
1.075   1.10    0.4548        0.0576        0.0155
1.10    1.125   0.4830        0.0612        0.0186
1.125   1.15    0.7020        0.0733        0.0217
1.15    1.20    0.9886        0.0620        0.0265
1.20    1.25    1.1973        0.0550        0.0333
1.25    1.30    1.6736        0.0696        0.0406
1.30    1.35    1.9827        0.0776        0.0485
1.35    1.40    2.0629        0.0820        0.0570
1.40    1.45    2.2262        0.0847        0.0663
1.45    1.50    2.2838        0.0989        0.0764
1.50    1.55    1.9629        0.0956        0.0874
1.55    1.60    1.6174        0.1323        0.0995
1.60    1.65    1.5136        0.1336        0.1126
1.65    1.70    1.6081        0.1436        0.1270
1.70    1.75    1.3982        0.1443        0.1427
1.75    1.80    0.9963        0.1204        0.1597
1.80    1.85    0.9025        0.1191        0.1782
1.85    1.90    1.0985        0.1401        0.1983
1.90    1.95    0.9057        0.1245        0.2200
1.95    2.00    0.8455        0.1271        0.2434
