# CLAS physics database search results
# Measurement E33M1
# g11a
# Biplab Dey, Curtis Meyer
# Published in Phys. Rev. C 82, 025202 (2010)


$vars: w (GeV) & costhkcm & P -sysErr


# W	cos(theta_K+)	P_Sigma	Data errors	Systematic errors
# GeV	dimensionless	dimensionless	dimensionless	dimensionless
# <data P >
1.728	0.6997	0.36451	0.24802	0.03
1.728	0.5986	0.69116	0.22683	0.03
1.728	0.5	0.05442	0.22041	0.03
1.728	0.3993	0.44259	0.21652	0.03
1.729	0.7941	0.54666	0.2681	0.03
1.73	0.3015	0.4732	0.22	0.03
1.73	0.2076	0.81296	0.27388	0.03
1.732	-0.0971	0.09556	0.21965	0.03
1.742	0.0953	0.53926	0.28922	0.03
1.743	-0.0019	-0.21667	0.19512	0.03
1.751	-0.7905	0.10399	0.39469	0.03
1.751	-0.5964	0.20581	0.23126	0.03
1.756	0.3002	0.34699	0.1505	0.03
1.756	0.796	0.11539	0.1745	0.03
1.757	0.5993	0.43347	0.15238	0.03
1.757	0.6983	0.05038	0.16016	0.03
1.757	0.2047	0.74377	0.16625	0.03
1.757	0.4978	0.31928	0.14259	0.03
1.757	0.4015	0.36191	0.14691	0.03
1.769	-0.4972	-0.21914	0.16423	0.03
1.771	-0.3987	-0.25706	0.14598	0.03
1.773	-0.2996	0.05722	0.14313	0.03
1.774	-0.2003	0.10451	0.14538	0.03
1.777	-0.0967	0.27246	0.13589	0.03
1.781	0.0007	0.05069	0.13009	0.03
1.782	0.8718	0.15765	0.23999	0.03
1.783	0.0951	0.19838	0.17005	0.03
1.785	0.4012	0.31205	0.1156	0.03
1.786	0.4996	0.06196	0.11862	0.03
1.786	0.3005	0.35553	0.12302	0.03
1.786	0.6974	0.6824	0.12787	0.03
1.786	0.5988	0.2599	0.11805	0.03
1.786	0.7959	0.45249	0.14488	0.03
1.786	0.2033	0.59948	0.13232	0.03
1.815	0.4	0.08652	0.08133	0.03
1.815	0.5	0.1911	0.08329	0.03
1.815	0.6	0.33894	0.08181	0.03
1.815	0.7	0.50748	0.0912	0.03
1.815	0.8	0.55573	0.12503	0.03
1.815	-0.6976	0.25422	0.12371	0.03
1.82	0	0.22154	0.08691	0.03
1.82	0.1	0.12013	0.10435	0.03
1.825	-0.1	0.31374	0.09225	0.03
1.83	-0.2	0.27218	0.08899	0.03
1.835	-0.3	0.24077	0.08616	0.03
1.835	-0.8773	0.10456	0.20935	0.03
1.84	-0.4	0.19447	0.10528	0.03
1.842	-0.5987	0.01914	0.07628	0.03
1.843	-0.7956	0.21949	0.10024	0.03
1.845	-0.5001	0.08426	0.14833	0.03
1.845	0.2	0.36632	0.05786	0.03
1.845	0.3	0.39125	0.06083	0.03
1.845	0.4	0.40069	0.06014	0.03
1.845	0.5	0.40315	0.05729	0.03
1.845	0.6	0.41792	0.06293	0.03
1.845	0.7	0.4396	0.07099	0.03
1.845	0.8	0.35894	0.09689	0.03
1.845	0.8789	0.33822	0.13726	0.03
1.86	0	0.20668	0.06077	0.03
1.86	0.1	0.27073	0.06882	0.03
1.875	-0.1	0.15628	0.06369	0.03
1.875	0.2	0.30357	0.04998	0.03
1.875	0.3	0.38949	0.0509	0.03
1.875	0.4	0.46181	0.05231	0.03
1.875	0.5	0.50982	0.05037	0.03
1.875	0.6	0.53692	0.0511	0.03
1.875	0.7	0.58102	0.0594	0.03
1.875	0.8	0.62432	0.07701	0.03
1.88	-0.6975	0.07493	0.08006	0.03
1.89	-0.2	0.16245	0.05969	0.03
1.9	0	0.24258	0.05188	0.03
1.9	0.1	0.27261	0.06236	0.03
1.905	-0.3	-0.03485	0.06266	0.03
1.905	0.2	0.33309	0.04531	0.03
1.905	0.3	0.42746	0.04639	0.03
1.905	0.4	0.51364	0.04717	0.03
1.905	0.5	0.58365	0.0443	0.03
1.905	0.6	0.67441	0.0465	0.03
1.905	0.7	0.80262	0.04826	0.03
1.905	0.8	0.76345	0.06625	0.03
1.911	-0.8782	0.36335	0.15543	0.03
1.915	0.88	0.58831	0.12464	0.03
1.92	-0.4	-0.17046	0.08156	0.03
1.925	-0.1	0.15562	0.05625	0.03
1.927	-0.5994	-0.07246	0.07382	0.03
1.929	-0.7971	-0.11738	0.08463	0.03
1.93	-0.5	-0.19941	0.12129	0.03
1.935	0.2	0.42428	0.04905	0.03
1.935	0.3	0.51883	0.04683	0.03
1.935	0.4	0.60632	0.05013	0.03
1.935	0.5	0.66364	0.0466	0.03
1.935	0.6	0.66849	0.04796	0.03
1.935	0.7	0.68428	0.05589	0.03
1.935	0.8	0.80029	0.07033	0.03
1.94	0	0.19359	0.05125	0.03
1.94	0.1	0.31662	0.05345	0.03
1.95	-0.2	0.06952	0.04855	0.03
1.96	-0.7006	-0.20109	0.09057	0.03
1.96	0.8875	0.76647	0.08158	0.03
1.965	0.2	0.38772	0.03407	0.03
1.965	0.3	0.5716	0.0327	0.03
1.965	0.4	0.72125	0.03327	0.03
1.965	0.5	0.7965	0.0331	0.03
1.965	0.6	0.81487	0.03259	0.03
1.965	0.7	0.85223	0.03525	0.03
1.965	0.8	0.90789	0.04506	0.03
1.975	-0.3	0.02026	0.05057	0.03
1.975	-0.1	0.21324	0.0419	0.03
1.98	0	0.29678	0.04009	0.03
1.98	0.1	0.33285	0.04	0.03
1.988	-0.8881	-0.04818	0.13226	0.03
1.995	0.2	0.48538	0.03327	0.03
1.995	0.3	0.58948	0.0344	0.03
1.995	0.4	0.70339	0.03529	0.03
1.995	0.5	0.82928	0.03113	0.03
1.995	0.6	0.93686	0.02937	0.03
1.995	0.7	0.97504	0.03136	0.03
1.995	0.8	0.92206	0.04202	0.03
2	-0.4	-0.10932	0.06978	0.03
2	0.8875	0.80573	0.07512	0.03
2.01	-0.5	-0.05094	0.11949	0.03
2.01	-0.2	0.08622	0.04843	0.03
2.02	0	0.2704	0.04463	0.03
2.02	0.1	0.38982	0.03837	0.03
2.025	-0.1	0.15325	0.04479	0.03
2.025	0.2	0.53196	0.03507	0.03
2.025	0.3	0.64826	0.03585	0.03
2.025	0.4	0.78792	0.03361	0.03
2.025	0.5	0.9095	0.03065	0.03
2.025	0.6	0.9603	0.02901	0.03
2.025	0.7	0.95542	0.03087	0.03
2.025	0.8	0.95604	0.03888	0.03
2.025	-0.5998	-0.48623	0.09462	0.03
2.026	-0.7965	-0.09681	0.09922	0.03
2.038	-0.7003	-0.3107	0.11009	0.03
2.04	0.8875	0.91641	0.0642	0.03
2.045	-0.3	-0.10222	0.05929	0.03
2.055	0.2	0.70397	0.03817	0.03
2.055	0.3	0.85407	0.03624	0.03
2.055	0.4	0.93406	0.03395	0.03
2.055	0.5	0.95572	0.03013	0.03
2.055	0.6	0.9482	0.02977	0.03
2.055	0.7	0.94567	0.03053	0.03
2.055	0.8	0.97652	0.0383	0.03
2.06	0	0.31095	0.04857	0.03
2.06	0.1	0.4973	0.04033	0.03
2.068	-0.8926	0.32432	0.15443	0.03
2.07	-0.2	-0.00668	0.05358	0.03
2.075	-0.1	0.10993	0.04906	0.03
2.08	-0.4	-0.35443	0.08449	0.03
2.08	0.88	0.88093	0.05944	0.03
2.085	0.2	0.68323	0.03775	0.03
2.085	0.3	0.85436	0.0377	0.03
2.085	0.4	0.92253	0.03291	0.03
2.085	0.5	0.92987	0.02964	0.03
2.085	0.6	0.95115	0.02788	0.03
2.085	0.7	0.97625	0.02946	0.03
2.085	0.8	0.91364	0.03873	0.03
2.09	-0.5	-0.43515	0.12793	0.03
2.1	0	0.19918	0.05551	0.03
2.1	0.1	0.44519	0.04089	0.03
2.115	-0.3	-0.2523	0.06509	0.03
2.115	0.2	0.7358	0.04062	0.03
2.115	0.3	0.85249	0.03782	0.03
2.115	0.4	0.90674	0.03515	0.03
2.115	0.5	0.92553	0.03011	0.03
2.115	0.6	0.92588	0.02925	0.03
2.115	0.7	0.91631	0.03286	0.03
2.115	0.8	0.91315	0.0379	0.03
2.119	-0.6996	-0.45206	0.12241	0.03
2.12	0.88	0.86139	0.06582	0.03
2.125	-0.1	0.12783	0.05208	0.03
2.128	-0.796	-0.30054	0.12234	0.03
2.128	-0.9586	1.2008	0.52344	0.03
2.129	-0.6005	-0.59712	0.11692	0.03
2.13	-0.2	-0.05113	0.06502	0.03
2.14	0	0.5095	0.06231	0.03
2.14	0.1	0.71335	0.04072	0.03
2.145	0.2	0.82413	0.04335	0.03
2.145	0.3	0.88633	0.04167	0.03
2.145	0.4	0.93013	0.03798	0.03
2.145	0.5	0.94763	0.03043	0.03
2.145	0.6	0.92242	0.03095	0.03
2.145	0.7	0.88857	0.03403	0.03
2.145	0.8	0.90221	0.03852	0.03
2.147	-0.8924	0.12548	0.18846	0.03
2.16	-0.4	-0.39004	0.09606	0.03
2.16	0.88	0.74711	0.07367	0.03
2.17	-0.5	-0.44095	0.12411	0.03
2.175	-0.1	0.32645	0.05836	0.03
2.175	0.2	0.7726	0.04529	0.03
2.175	0.3	0.84688	0.04094	0.03
2.175	0.4	0.88768	0.03587	0.03
2.175	0.5	0.91286	0.03152	0.03
2.175	0.6	0.90038	0.03007	0.03
2.175	0.7	0.83653	0.03563	0.03
2.175	0.8	0.77802	0.03923	0.03
2.18	0	0.4814	0.06737	0.03
2.18	0.1	0.6718	0.04736	0.03
2.185	-0.3	-0.07941	0.08505	0.03
2.19	-0.2	0.15603	0.07634	0.03
2.199	-0.6993	-0.30789	0.12732	0.03
2.2	0.88	0.69607	0.07008	0.03
2.205	0.2	0.80878	0.04946	0.03
2.205	0.3	0.82998	0.04756	0.03
2.205	0.4	0.7951	0.04282	0.03
2.205	0.5	0.80188	0.03617	0.03
2.205	0.6	0.84703	0.03332	0.03
2.205	0.7	0.85149	0.03741	0.03
2.205	0.8	0.78312	0.04411	0.03
2.22	0	0.53433	0.0836	0.03
2.22	0.1	0.69614	0.05097	0.03
2.225	-0.1	0.37422	0.0739	0.03
2.229	-0.8893	-0.05276	0.23084	0.03
2.23	-0.7938	-0.19246	0.13328	0.03
2.231	-0.6015	-0.34882	0.11825	0.03
2.235	0.2	0.86182	0.05156	0.03
2.235	0.3	0.9087	0.04585	0.03
2.235	0.4	0.85947	0.04244	0.03
2.235	0.5	0.76185	0.03611	0.03
2.235	0.6	0.67827	0.03627	0.03
2.235	0.7	0.62055	0.03973	0.03
2.235	0.8	0.58963	0.04499	0.03
2.24	-0.4	-0.25059	0.10688	0.03
2.24	0.88	0.56146	0.07536	0.03
2.25	-0.5	-0.20463	0.11952	0.03
2.25	-0.2	0.20607	0.09236	0.03
2.255	-0.3	0.05508	0.09733	0.03
2.26	0	0.58925	0.07777	0.03
2.26	0.1	0.77098	0.05627	0.03
2.265	0.2	0.91582	0.05226	0.03
2.265	0.3	0.93968	0.04889	0.03
2.265	0.4	0.91136	0.04259	0.03
2.265	0.5	0.80941	0.0354	0.03
2.265	0.6	0.64855	0.03424	0.03
2.265	0.7	0.51596	0.03694	0.03
2.265	0.8	0.53013	0.04191	0.03
2.275	-0.1	0.46814	0.08347	0.03
2.28	-0.6995	-0.22076	0.12282	0.03
2.28	0.88	0.72122	0.06534	0.03
2.295	0.2	0.82749	0.06004	0.03
2.295	0.3	0.81502	0.05381	0.03
2.295	0.4	0.70132	0.04647	0.03
2.295	0.5	0.62355	0.03752	0.03
2.295	0.6	0.63873	0.0374	0.03
2.295	0.7	0.66745	0.03638	0.03
2.295	0.8	0.62917	0.04165	0.03
2.3	0	0.52564	0.09241	0.03
2.3	0.1	0.72029	0.06064	0.03
2.307	-0.8881	0.23303	0.25627	0.03
2.31	-0.2	0.52376	0.10099	0.03
2.32	-0.4	-0.09696	0.11212	0.03
2.32	0.88	0.68863	0.06544	0.03
2.325	-0.3	0.42252	0.11391	0.03
2.325	-0.1	0.37543	0.10414	0.03
2.325	0.2	0.85698	0.06821	0.03
2.325	0.3	0.77446	0.06137	0.03
2.325	0.4	0.70453	0.04838	0.03
2.325	0.5	0.68457	0.03881	0.03
2.325	0.6	0.63304	0.0389	0.03
2.325	0.7	0.51326	0.03934	0.03
2.325	0.8	0.43553	0.04539	0.03
2.327	-0.7914	-0.3231	0.14766	0.03
2.328	-0.601	-0.20359	0.11934	0.03
2.33	-0.5	-0.4712	0.12458	0.03
2.34	0	0.48021	0.09655	0.03
2.34	0.1	0.68116	0.07722	0.03
2.355	0.2	0.77166	0.0701	0.03
2.355	0.3	0.79715	0.06501	0.03
2.355	0.4	0.74598	0.05312	0.03
2.355	0.5	0.64799	0.03937	0.03
2.355	0.6	0.5599	0.04079	0.03
2.355	0.7	0.54072	0.03847	0.03
2.355	0.8	0.61274	0.04215	0.03
2.358	-0.6995	-0.27204	0.13698	0.03
2.36	0.88	0.63117	0.07062	0.03
2.37	-0.2	0.51306	0.12381	0.03
2.375	-0.1	0.42848	0.14855	0.03
2.38	0	0.65273	0.1011	0.03
2.38	0.1	0.76189	0.09193	0.03
2.385	0.2	0.65489	0.07469	0.03
2.385	0.3	0.60559	0.08117	0.03
2.385	0.4	0.63257	0.05731	0.03
2.385	0.5	0.64782	0.04353	0.03
2.385	0.6	0.61113	0.04388	0.03
2.385	0.7	0.61142	0.04144	0.03
2.385	0.8	0.75618	0.04049	0.03
2.386	-0.8875	0.34082	0.33276	0.03
2.395	-0.3	0.53545	0.12942	0.03
2.4	-0.4	0.29016	0.11769	0.03
2.4	0.88	0.77221	0.07474	0.03
2.41	-0.5	0.12716	0.14572	0.03
2.415	0.2	0.67226	0.10758	0.03
2.415	0.3	0.53621	0.0866	0.03
2.415	0.4	0.42778	0.06214	0.03
2.415	0.5	0.39926	0.04989	0.03
2.415	0.6	0.456	0.04727	0.03
2.415	0.7	0.60074	0.04285	0.03
2.415	0.8	0.76866	0.04456	0.03
2.42	0	0.55866	0.14061	0.03
2.42	0.1	0.669	0.09768	0.03
2.428	-0.6002	0.15565	0.14466	0.03
2.429	-0.7911	-0.28885	0.17901	0.03
2.43	-0.2	0.54273	0.14165	0.03
2.43	-0.1	0.56176	0.15688	0.03
2.439	-0.699	-0.11214	0.16045	0.03
2.44	0.8725	0.80417	0.07013	0.03
2.445	0.2	0.69032	0.10553	0.03
2.445	0.3	0.7888	0.09893	0.03
2.445	0.4	0.58543	0.06715	0.03
2.445	0.5	0.38523	0.05076	0.03
2.445	0.6	0.38743	0.04646	0.03
2.445	0.7	0.54047	0.04084	0.03
2.445	0.8	0.74822	0.0419	0.03
2.46	0	0.51478	0.13396	0.03
2.46	0.1	0.47758	0.11994	0.03
2.465	-0.3	0.45985	0.16679	0.03
2.473	-0.8871	0.38149	0.35417	0.03
2.475	0.2	0.66385	0.12504	0.03
2.475	0.3	0.77839	0.09576	0.03
2.475	0.4	0.60578	0.07089	0.03
2.475	0.5	0.44902	0.05633	0.03
2.475	0.6	0.46945	0.05084	0.03
2.475	0.7	0.62814	0.04263	0.03
2.475	0.8	0.76261	0.04298	0.03
2.48	-0.4	0.37398	0.14684	0.03
2.48	0.87	0.71126	0.0732	0.03
2.49	-0.5	0.30469	0.16812	0.03
2.49	-0.2	0.5703	0.13488	0.03
2.49	-0.1	0.42772	0.15321	0.03
2.5	0	0.11965	0.14471	0.03
2.5	0.1	0.21621	0.12566	0.03
2.505	0.2	0.68449	0.14387	0.03
2.505	0.3	0.71612	0.10673	0.03
2.505	0.4	0.48428	0.0796	0.03
2.505	0.5	0.34895	0.05825	0.03
2.505	0.6	0.41518	0.05371	0.03
2.505	0.7	0.60062	0.04354	0.03
2.505	0.8	0.78138	0.04135	0.03
2.517	-0.7004	-0.32357	0.18778	0.03
2.52	0.87	0.7343	0.06886	0.03
2.526	-0.6002	-0.1832	0.17962	0.03
2.527	-0.792	-0.16818	0.20599	0.03
2.535	0.3	0.44361	0.14908	0.03
2.535	0.4	0.3473	0.09173	0.03
2.535	0.5	0.34282	0.06532	0.03
2.535	0.6	0.39482	0.06051	0.03
2.535	0.7	0.49721	0.04933	0.03
2.535	0.8	0.62319	0.04647	0.03
2.54	-0.3	0.37978	0.17939	0.03
2.54	0	-0.08117	0.14805	0.03
2.54	0.1	0.20949	0.1749	0.03
2.54	0.2	0.48388	0.15206	0.03
2.55	-0.1	0.05973	0.1593	0.03
2.56	-0.4	0.23341	0.15938	0.03
2.56	-0.2	0.42776	0.15655	0.03
2.56	0.87	0.75071	0.08334	0.03
2.565	0.3	0.78196	0.15152	0.03
2.565	0.4	0.67776	0.09125	0.03
2.565	0.5	0.59707	0.06912	0.03
2.565	0.6	0.60947	0.05902	0.03
2.565	0.7	0.69168	0.04747	0.03
2.565	0.8	0.83253	0.04429	0.03
2.575	-0.5	0.05897	0.17469	0.03
2.585	0	0.24997	0.16292	0.03
2.585	0.1	0.49385	0.13329	0.03
2.585	0.2	0.7411	0.16264	0.03
2.588	-0.8841	0.37498	0.337	0.03
2.595	0.3	0.60925	0.15348	0.03
2.595	0.4	0.4577	0.10308	0.03
2.595	0.5	0.45151	0.07441	0.03
2.595	0.6	0.52624	0.0615	0.03
2.595	0.7	0.61188	0.04627	0.03
2.595	0.8	0.68355	0.04458	0.03
2.6	-0.7011	0.14793	0.21799	0.03
2.6	0.87	0.6666	0.07104	0.03
2.605	-0.1	0.20906	0.15805	0.03
2.625	0.4	0.57664	0.11122	0.03
2.625	0.5	0.52074	0.07189	0.03
2.625	0.6	0.49047	0.05927	0.03
2.625	0.7	0.52729	0.04511	0.03
2.625	0.8	0.58188	0.04156	0.03
2.625	-0.6009	-0.01752	0.22475	0.03
2.626	-0.7927	-0.14333	0.2292	0.03
2.63	-0.3	0.7838	0.13419	0.03
2.63	0	0.12467	0.15352	0.03
2.63	0.1	0.27654	0.15984	0.03
2.63	0.3	0.51615	0.1482	0.03
2.64	0.87	0.42157	0.08578	0.03
2.645	-0.2017	0.34953	0.17943	0.03
2.645	0.2	0.45894	0.15005	0.03
2.655	0.4	0.35133	0.12076	0.03
2.655	0.5	0.57499	0.09061	0.03
2.655	0.6	0.6541	0.06556	0.03
2.655	0.7	0.55073	0.05271	0.03
2.655	0.8	0.39396	0.04815	0.03
2.66	-0.3996	0.54553	0.12985	0.03
2.665	-0.1	-0.0766	0.17488	0.03
2.678	-0.7039	0.21441	0.27501	0.03
2.68	0	-0.14522	0.15383	0.03
2.68	0.1017	0.06318	0.1499	0.03
2.68	0.87	0.48453	0.09841	0.03
2.685	0.4	0.58405	0.14526	0.03
2.685	0.5	0.71017	0.10123	0.03
2.685	0.6	0.7004	0.07149	0.03
2.685	0.7	0.6264	0.05894	0.03
2.685	0.8	0.56688	0.04816	0.03
2.69	0.3	0.3129	0.16378	0.03
2.715	0.5	0.72354	0.10424	0.03
2.715	0.6	0.74722	0.0681	0.03
2.715	0.7	0.69236	0.05293	0.03
2.715	0.8	0.68237	0.04467	0.03
2.72	0.4	0.56999	0.15935	0.03
2.72	0.8625	0.68012	0.10623	0.03
2.725	-0.6021	-0.46561	0.3123	0.03
2.728	-0.7957	0.22061	0.27016	0.03
2.73	-0.4995	0.15648	0.2104	0.03
2.734	-0.8834	0.47	0.45414	0.03
2.735	-0.1	0.44134	0.16742	0.03
2.745	-0.3	0.48004	0.1953	0.03
2.745	0	0.40707	0.15387	0.03
2.745	0.5	0.80068	0.11649	0.03
2.745	0.6	0.69696	0.07938	0.03
2.745	0.7	0.60599	0.06281	0.03
2.745	0.8	0.51206	0.05238	0.03
2.75	-0.2004	0.4306	0.16185	0.03
2.75	0.0994	0.55475	0.15968	0.03
2.755	0.1983	0.28906	0.15945	0.03
2.759	-0.7019	0.3424	0.33981	0.03
2.76	0.86	0.46669	0.1261	0.03
2.765	0.4	0.61984	0.15012	0.03
2.775	0.5	0.79187	0.12134	0.03
2.775	0.6	0.69484	0.08462	0.03
2.775	0.7	0.55388	0.06004	0.03
2.775	0.8	0.51121	0.05148	0.03
2.78	-0.399	0.37832	0.25202	0.03
2.785	0.2998	0.1982	0.19435	0.03
2.8	0.86	0.43295	0.12925	0.03
2.804	-0.6041	0.335	0.50533	0.03
2.804	-0.7969	0.39276	0.44671	0.03
2.805	-0.1	0.057	0.19361	0.03
2.805	0.5	0.43006	0.15062	0.03
2.805	0.6	0.37551	0.08871	0.03
2.805	0.7	0.36906	0.06632	0.03
2.805	0.8	0.40401	0.05613	0.03
2.81	0	0.04922	0.1708	0.03
2.815	0.1	-0.05727	0.21912	0.03
2.815	0.402	0.29842	0.18636	0.03
2.825	-0.3	0.4328	0.3417	0.03
2.825	-0.2	0.20674	0.34124	0.03
2.83	0.5	0.43714	0.18983	0.03
2.83	0.6	0.55506	0.1193	0.03
2.83	0.7	0.56212	0.08126	0.03
2.83	0.8	0.49659	0.06865	0.03
2.83	0.86	0.42426	0.17342	0.03
# </data>
