   1.094   1.713  -0.40   0.044   0.016
   1.094   1.713  -0.30   0.051   0.015
   1.094   1.713  -0.20   0.035   0.011
   1.094   1.713  -0.10   0.056   0.016
   1.094   1.713   0.00   0.042   0.011
   1.094   1.713   0.10   0.051   0.012
   1.094   1.713   0.20   0.050   0.012
   1.094   1.713   0.30   0.064   0.012
   1.094   1.713   0.40   0.043   0.009
   1.094   1.713   0.50   0.058   0.011
   1.094   1.713   0.60   0.063   0.013
   1.094   1.713   0.70   0.043   0.009
   1.094   1.713   0.80   0.038   0.016
   1.119   1.727  -0.40   0.026   0.012
   1.119   1.727  -0.30   0.059   0.025
   1.119   1.727  -0.20   0.052   0.014
   1.119   1.727  -0.10   0.034   0.012
   1.119   1.727   0.00   0.080   0.017
   1.119   1.727   0.10   0.052   0.014
   1.119   1.727   0.20   0.065   0.014
   1.119   1.727   0.30   0.076   0.014
   1.119   1.727   0.40   0.065   0.012
   1.119   1.727   0.50   0.082   0.014
   1.119   1.727   0.60   0.071   0.012
   1.119   1.727   0.70   0.066   0.012
   1.119   1.727   0.80   0.066   0.014
   1.144   1.740  -0.50   0.064   0.017
   1.144   1.740  -0.40   0.078   0.013
   1.144   1.740  -0.30   0.072   0.012
   1.144   1.740  -0.20   0.084   0.012
   1.144   1.740  -0.10   0.065   0.009
   1.144   1.740   0.00   0.083   0.011
   1.144   1.740   0.10   0.070   0.011
   1.144   1.740   0.20   0.074   0.009
   1.144   1.740   0.30   0.092   0.010
   1.144   1.740   0.40   0.107   0.011
   1.144   1.740   0.50   0.098   0.011
   1.144   1.740   0.60   0.094   0.010
   1.144   1.740   0.70   0.080   0.010
   1.144   1.740   0.80   0.094   0.012
   1.169   1.753  -0.50   0.065   0.015
   1.169   1.753  -0.40   0.086   0.014
   1.169   1.753  -0.30   0.076   0.012
   1.169   1.753  -0.20   0.072   0.011
   1.169   1.753  -0.10   0.067   0.011
   1.169   1.753   0.00   0.094   0.012
   1.169   1.753   0.10   0.084   0.012
   1.169   1.753   0.20   0.099   0.011
   1.169   1.753   0.30   0.084   0.010
   1.169   1.753   0.40   0.122   0.013
   1.169   1.753   0.50   0.124   0.012
   1.169   1.753   0.60   0.088   0.009
   1.169   1.753   0.70   0.093   0.011
   1.169   1.753   0.80   0.135   0.015
   1.169   1.753   0.90   0.090   0.022
   1.194   1.767  -0.60   0.075   0.037
   1.194   1.767  -0.50   0.081   0.016
   1.194   1.767  -0.40   0.101   0.014
   1.194   1.767  -0.30   0.076   0.011
   1.194   1.767  -0.20   0.069   0.009
   1.194   1.767  -0.10   0.082   0.010
   1.194   1.767   0.00   0.093   0.011
   1.194   1.767   0.10   0.107   0.012
   1.194   1.767   0.20   0.119   0.011
   1.194   1.767   0.30   0.138   0.013
   1.194   1.767   0.40   0.124   0.011
   1.194   1.767   0.50   0.152   0.012
   1.194   1.767   0.60   0.131   0.012
   1.194   1.767   0.70   0.119   0.012
   1.194   1.767   0.80   0.126   0.013
   1.194   1.767   0.90   0.096   0.024
   1.219   1.780  -0.60   0.090   0.022
   1.219   1.780  -0.50   0.073   0.012
   1.219   1.780  -0.40   0.080   0.011
   1.219   1.780  -0.30   0.090   0.011
   1.219   1.780  -0.20   0.098   0.010
   1.219   1.780  -0.10   0.124   0.011
   1.219   1.780   0.00   0.110   0.011
   1.219   1.780   0.10   0.121   0.011
   1.219   1.780   0.20   0.138   0.011
   1.219   1.780   0.30   0.160   0.012
   1.219   1.780   0.40   0.150   0.011
   1.219   1.780   0.50   0.147   0.011
   1.219   1.780   0.60   0.141   0.010
   1.219   1.780   0.70   0.161   0.014
   1.219   1.780   0.80   0.129   0.011
   1.219   1.780   0.90   0.097   0.018
   1.244   1.793  -0.60   0.049   0.012
   1.244   1.793  -0.50   0.087   0.012
   1.244   1.793  -0.40   0.099   0.011
   1.244   1.793  -0.30   0.121   0.011
   1.244   1.793  -0.20   0.136   0.011
   1.244   1.793  -0.10   0.139   0.011
   1.244   1.793   0.00   0.131   0.011
   1.244   1.793   0.10   0.156   0.011
   1.244   1.793   0.20   0.180   0.012
   1.244   1.793   0.30   0.181   0.012
   1.244   1.793   0.40   0.189   0.010
   1.244   1.793   0.50   0.160   0.010
   1.244   1.793   0.60   0.152   0.010
   1.244   1.793   0.70   0.157   0.012
   1.244   1.793   0.80   0.152   0.011
   1.244   1.793   0.90   0.114   0.018
   1.269   1.806  -0.60   0.066   0.011
   1.269   1.806  -0.50   0.100   0.011
   1.269   1.806  -0.40   0.129   0.011
   1.269   1.806  -0.30   0.117   0.010
   1.269   1.806  -0.20   0.149   0.011
   1.269   1.806  -0.10   0.169   0.011
   1.269   1.806   0.00   0.168   0.011
   1.269   1.806   0.10   0.190   0.012
   1.269   1.806   0.20   0.195   0.011
   1.269   1.806   0.30   0.184   0.011
   1.269   1.806   0.40   0.181   0.010
   1.269   1.806   0.50   0.176   0.011
   1.269   1.806   0.60   0.180   0.012
   1.269   1.806   0.70   0.168   0.010
   1.269   1.806   0.80   0.144   0.011
   1.269   1.806   0.90   0.134   0.017
   1.294   1.819  -0.60   0.061   0.014
   1.294   1.819  -0.50   0.099   0.014
   1.294   1.819  -0.40   0.122   0.014
   1.294   1.819  -0.30   0.143   0.014
   1.294   1.819  -0.20   0.163   0.015
   1.294   1.819  -0.10   0.191   0.015
   1.294   1.819   0.00   0.187   0.016
   1.294   1.819   0.10   0.209   0.016
   1.294   1.819   0.20   0.234   0.016
   1.294   1.819   0.30   0.230   0.016
   1.294   1.819   0.40   0.239   0.015
   1.294   1.819   0.50   0.187   0.013
   1.294   1.819   0.60   0.230   0.016
   1.294   1.819   0.70   0.179   0.014
   1.294   1.819   0.80   0.179   0.013
   1.294   1.819   0.90   0.157   0.024
   1.320   1.832  -0.70   0.065   0.022
   1.320   1.832  -0.60   0.074   0.013
   1.320   1.832  -0.50   0.106   0.014
   1.320   1.832  -0.40   0.159   0.015
   1.320   1.832  -0.30   0.181   0.015
   1.320   1.832  -0.20   0.191   0.014
   1.320   1.832  -0.10   0.234   0.016
   1.320   1.832   0.00   0.246   0.018
   1.320   1.832   0.10   0.224   0.016
   1.320   1.832   0.20   0.235   0.015
   1.320   1.832   0.30   0.278   0.018
   1.320   1.832   0.40   0.236   0.014
   1.320   1.832   0.50   0.250   0.016
   1.320   1.832   0.60   0.210   0.014
   1.320   1.832   0.70   0.215   0.014
   1.320   1.832   0.80   0.182   0.015
   1.320   1.832   0.90   0.189   0.025
   1.345   1.845  -0.70   0.088   0.022
   1.345   1.845  -0.60   0.073   0.012
   1.345   1.845  -0.50   0.109   0.012
   1.345   1.845  -0.40   0.131   0.012
   1.345   1.845  -0.30   0.158   0.012
   1.345   1.845  -0.20   0.202   0.013
   1.345   1.845  -0.10   0.236   0.014
   1.345   1.845   0.00   0.229   0.014
   1.345   1.845   0.10   0.249   0.015
   1.345   1.845   0.20   0.256   0.014
   1.345   1.845   0.30   0.252   0.014
   1.345   1.845   0.40   0.263   0.013
   1.345   1.845   0.50   0.260   0.013
   1.345   1.845   0.60   0.258   0.014
   1.345   1.845   0.70   0.217   0.013
   1.345   1.845   0.80   0.162   0.012
   1.345   1.845   0.90   0.167   0.019
   1.370   1.858  -0.70   0.106   0.018
   1.370   1.858  -0.60   0.090   0.012
   1.370   1.858  -0.50   0.133   0.012
   1.370   1.858  -0.40   0.146   0.011
   1.370   1.858  -0.30   0.191   0.012
   1.370   1.858  -0.20   0.217   0.012
   1.370   1.858  -0.10   0.253   0.013
   1.370   1.858   0.00   0.272   0.014
   1.370   1.858   0.10   0.276   0.014
   1.370   1.858   0.20   0.310   0.014
   1.370   1.858   0.30   0.296   0.014
   1.370   1.858   0.40   0.276   0.012
   1.370   1.858   0.50   0.294   0.013
   1.370   1.858   0.60   0.277   0.014
   1.370   1.858   0.70   0.237   0.012
   1.370   1.858   0.80   0.204   0.012
   1.370   1.858   0.90   0.160   0.017
   1.395   1.870  -0.70   0.062   0.011
   1.395   1.870  -0.60   0.075   0.009
   1.395   1.870  -0.50   0.106   0.010
   1.395   1.870  -0.40   0.156   0.010
   1.395   1.870  -0.30   0.175   0.010
   1.395   1.870  -0.20   0.218   0.011
   1.395   1.870  -0.10   0.262   0.012
   1.395   1.870   0.00   0.267   0.013
   1.395   1.870   0.10   0.277   0.012
   1.395   1.870   0.20   0.282   0.011
   1.395   1.870   0.30   0.290   0.012
   1.395   1.870   0.40   0.285   0.011
   1.395   1.870   0.50   0.291   0.013
   1.395   1.870   0.60   0.266   0.012
   1.395   1.870   0.70   0.242   0.010
   1.395   1.870   0.80   0.234   0.014
   1.395   1.870   0.90   0.168   0.014
   1.421   1.883  -0.70   0.067   0.014
   1.421   1.883  -0.60   0.074   0.010
   1.421   1.883  -0.50   0.127   0.014
   1.421   1.883  -0.40   0.141   0.012
   1.421   1.883  -0.30   0.180   0.013
   1.421   1.883  -0.20   0.246   0.016
   1.421   1.883  -0.10   0.280   0.017
   1.421   1.883   0.00   0.308   0.018
   1.421   1.883   0.10   0.263   0.014
   1.421   1.883   0.20   0.334   0.017
   1.421   1.883   0.30   0.312   0.017
   1.421   1.883   0.40   0.275   0.014
   1.421   1.883   0.50   0.318   0.016
   1.421   1.883   0.60   0.259   0.014
   1.421   1.883   0.70   0.238   0.014
   1.421   1.883   0.80   0.228   0.018
   1.421   1.883   0.90   0.229   0.024
   1.446   1.896  -0.70   0.083   0.012
   1.446   1.896  -0.60   0.062   0.007
   1.446   1.896  -0.50   0.103   0.009
   1.446   1.896  -0.40   0.151   0.009
   1.446   1.896  -0.30   0.192   0.010
   1.446   1.896  -0.20   0.221   0.011
   1.446   1.896  -0.10   0.239   0.011
   1.446   1.896   0.00   0.272   0.012
   1.446   1.896   0.10   0.278   0.012
   1.446   1.896   0.20   0.282   0.011
   1.446   1.896   0.30   0.292   0.012
   1.446   1.896   0.40   0.281   0.011
   1.446   1.896   0.50   0.296   0.012
   1.446   1.896   0.60   0.236   0.010
   1.446   1.896   0.70   0.235   0.011
   1.446   1.896   0.80   0.207   0.013
   1.446   1.896   0.90   0.196   0.017
   1.471   1.908  -0.70   0.055   0.009
   1.471   1.908  -0.60   0.081   0.008
   1.471   1.908  -0.50   0.089   0.007
   1.471   1.908  -0.40   0.128   0.008
   1.471   1.908  -0.30   0.175   0.009
   1.471   1.908  -0.20   0.232   0.011
   1.471   1.908  -0.10   0.244   0.011
   1.471   1.908   0.00   0.238   0.011
   1.471   1.908   0.10   0.261   0.011
   1.471   1.908   0.20   0.276   0.011
   1.471   1.908   0.30   0.284   0.011
   1.471   1.908   0.40   0.251   0.010
   1.471   1.908   0.50   0.252   0.010
   1.471   1.908   0.60   0.231   0.010
   1.471   1.908   0.70   0.220   0.010
   1.471   1.908   0.80   0.201   0.011
   1.471   1.908   0.90   0.153   0.014
   1.496   1.920  -0.80   0.036   0.016
   1.496   1.920  -0.70   0.059   0.008
   1.496   1.920  -0.60   0.070   0.008
   1.496   1.920  -0.50   0.090   0.009
   1.496   1.920  -0.40   0.129   0.008
   1.496   1.920  -0.30   0.168   0.010
   1.496   1.920  -0.20   0.190   0.010
   1.496   1.920  -0.10   0.223   0.011
   1.496   1.920   0.00   0.219   0.011
   1.496   1.920   0.10   0.252   0.011
   1.496   1.920   0.20   0.271   0.011
   1.496   1.920   0.30   0.270   0.011
   1.496   1.920   0.40   0.252   0.011
   1.496   1.920   0.50   0.248   0.010
   1.496   1.920   0.60   0.234   0.010
   1.496   1.920   0.70   0.181   0.009
   1.496   1.920   0.80   0.201   0.012
   1.496   1.920   0.90   0.159   0.015
   1.521   1.933  -0.80   0.042   0.015
   1.521   1.933  -0.70   0.035   0.007
   1.521   1.933  -0.60   0.058   0.006
   1.521   1.933  -0.50   0.081   0.008
   1.521   1.933  -0.40   0.120   0.008
   1.521   1.933  -0.30   0.152   0.008
   1.521   1.933  -0.20   0.184   0.009
   1.521   1.933  -0.10   0.213   0.010
   1.521   1.933   0.00   0.241   0.011
   1.521   1.933   0.10   0.242   0.010
   1.521   1.933   0.20   0.262   0.011
   1.521   1.933   0.30   0.246   0.010
   1.521   1.933   0.40   0.243   0.010
   1.521   1.933   0.50   0.229   0.009
   1.521   1.933   0.60   0.220   0.009
   1.521   1.933   0.70   0.193   0.009
   1.521   1.933   0.80   0.217   0.011
   1.521   1.933   0.90   0.191   0.015
   1.546   1.945  -0.80   0.053   0.016
   1.546   1.945  -0.70   0.031   0.006
   1.546   1.945  -0.60   0.044   0.005
   1.546   1.945  -0.50   0.060   0.006
   1.546   1.945  -0.40   0.094   0.007
   1.546   1.945  -0.30   0.140   0.008
   1.546   1.945  -0.20   0.179   0.009
   1.546   1.945  -0.10   0.174   0.008
   1.546   1.945   0.00   0.218   0.010
   1.546   1.945   0.10   0.220   0.009
   1.546   1.945   0.20   0.258   0.011
   1.546   1.945   0.30   0.236   0.010
   1.546   1.945   0.40   0.224   0.009
   1.546   1.945   0.50   0.210   0.009
   1.546   1.945   0.60   0.224   0.010
   1.546   1.945   0.70   0.205   0.010
   1.546   1.945   0.80   0.202   0.011
   1.546   1.945   0.90   0.168   0.014
   1.571   1.957  -0.80   0.033   0.010
   1.571   1.957  -0.70   0.032   0.005
   1.571   1.957  -0.60   0.043   0.005
   1.571   1.957  -0.50   0.052   0.005
   1.571   1.957  -0.40   0.091   0.006
   1.571   1.957  -0.30   0.115   0.007
   1.571   1.957  -0.20   0.156   0.007
   1.571   1.957  -0.10   0.177   0.008
   1.571   1.957   0.00   0.196   0.009
   1.571   1.957   0.10   0.217   0.009
   1.571   1.957   0.20   0.217   0.009
   1.571   1.957   0.30   0.247   0.010
   1.571   1.957   0.40   0.223   0.009
   1.571   1.957   0.50   0.218   0.008
   1.571   1.957   0.60   0.205   0.008
   1.571   1.957   0.70   0.207   0.009
   1.571   1.957   0.80   0.213   0.011
   1.571   1.957   0.90   0.158   0.013
   1.596   1.969  -0.80   0.025   0.008
   1.596   1.969  -0.70   0.022   0.004
   1.596   1.969  -0.60   0.028   0.004
   1.596   1.969  -0.50   0.041   0.004
   1.596   1.969  -0.40   0.075   0.005
   1.596   1.969  -0.30   0.113   0.006
   1.596   1.969  -0.20   0.135   0.007
   1.596   1.969  -0.10   0.166   0.007
   1.596   1.969   0.00   0.165   0.008
   1.596   1.969   0.10   0.193   0.008
   1.596   1.969   0.20   0.201   0.008
   1.596   1.969   0.30   0.208   0.008
   1.596   1.969   0.40   0.193   0.007
   1.596   1.969   0.50   0.194   0.008
   1.596   1.969   0.60   0.207   0.008
   1.596   1.969   0.70   0.208   0.010
   1.596   1.969   0.80   0.201   0.011
   1.596   1.969   0.90   0.171   0.013
   1.621   1.981  -0.80   0.037   0.009
   1.621   1.981  -0.70   0.035   0.005
   1.621   1.981  -0.60   0.030   0.004
   1.621   1.981  -0.50   0.046   0.004
   1.621   1.981  -0.40   0.069   0.005
   1.621   1.981  -0.30   0.096   0.006
   1.621   1.981  -0.20   0.126   0.006
   1.621   1.981  -0.10   0.147   0.007
   1.621   1.981   0.00   0.155   0.008
   1.621   1.981   0.10   0.180   0.007
   1.621   1.981   0.20   0.201   0.008
   1.621   1.981   0.30   0.218   0.008
   1.621   1.981   0.40   0.211   0.008
   1.621   1.981   0.50   0.197   0.008
   1.621   1.981   0.60   0.186   0.007
   1.621   1.981   0.70   0.195   0.009
   1.621   1.981   0.80   0.173   0.009
   1.621   1.981   0.90   0.173   0.014
   1.647   1.993  -0.80   0.021   0.007
   1.647   1.993  -0.70   0.030   0.006
   1.647   1.993  -0.60   0.031   0.005
   1.647   1.993  -0.50   0.032   0.004
   1.647   1.993  -0.40   0.064   0.006
   1.647   1.993  -0.30   0.081   0.006
   1.647   1.993  -0.20   0.120   0.007
   1.647   1.993  -0.10   0.161   0.008
   1.647   1.993   0.00   0.161   0.009
   1.647   1.993   0.10   0.158   0.008
   1.647   1.993   0.20   0.165   0.008
   1.647   1.993   0.30   0.196   0.009
   1.647   1.993   0.40   0.189   0.009
   1.647   1.993   0.50   0.183   0.009
   1.647   1.993   0.60   0.203   0.009
   1.647   1.993   0.70   0.194   0.010
   1.647   1.993   0.80   0.208   0.012
   1.647   1.993   0.90   0.193   0.017
   1.672   2.005  -0.80   0.038   0.008
   1.672   2.005  -0.70   0.025   0.004
   1.672   2.005  -0.60   0.028   0.003
   1.672   2.005  -0.50   0.032   0.003
   1.672   2.005  -0.40   0.063   0.005
   1.672   2.005  -0.30   0.080   0.005
   1.672   2.005  -0.20   0.104   0.005
   1.672   2.005  -0.10   0.128   0.006
   1.672   2.005   0.00   0.150   0.007
   1.672   2.005   0.10   0.157   0.007
   1.672   2.005   0.20   0.182   0.007
   1.672   2.005   0.30   0.168   0.007
   1.672   2.005   0.40   0.188   0.007
   1.672   2.005   0.50   0.199   0.008
   1.672   2.005   0.60   0.186   0.008
   1.672   2.005   0.70   0.208   0.010
   1.672   2.005   0.80   0.207   0.011
   1.672   2.005   0.90   0.185   0.013
   1.698   2.016  -0.80   0.024   0.003
   1.698   2.016  -0.70   0.021   0.004
   1.698   2.016  -0.60   0.031   0.005
   1.698   2.016  -0.50   0.030   0.004
   1.698   2.016  -0.40   0.053   0.004
   1.698   2.016  -0.30   0.070   0.005
   1.698   2.016  -0.20   0.100   0.006
   1.698   2.016  -0.10   0.126   0.006
   1.698   2.016   0.00   0.139   0.007
   1.698   2.016   0.10   0.156   0.007
   1.698   2.016   0.20   0.169   0.007
   1.698   2.016   0.30   0.171   0.007
   1.698   2.016   0.40   0.178   0.008
   1.698   2.016   0.50   0.193   0.008
   1.698   2.016   0.60   0.189   0.008
   1.698   2.016   0.70   0.217   0.010
   1.698   2.016   0.80   0.196   0.010
   1.698   2.016   0.90   0.181   0.013
   1.723   2.028  -0.80   0.031   0.006
   1.723   2.028  -0.70   0.032   0.004
   1.723   2.028  -0.60   0.024   0.003
   1.723   2.028  -0.50   0.033   0.004
   1.723   2.028  -0.40   0.055   0.004
   1.723   2.028  -0.30   0.050   0.004
   1.723   2.028  -0.20   0.091   0.005
   1.723   2.028  -0.10   0.102   0.006
   1.723   2.028   0.00   0.127   0.006
   1.723   2.028   0.10   0.131   0.006
   1.723   2.028   0.20   0.159   0.007
   1.723   2.028   0.30   0.184   0.007
   1.723   2.028   0.40   0.176   0.007
   1.723   2.028   0.50   0.188   0.008
   1.723   2.028   0.60   0.196   0.008
   1.723   2.028   0.70   0.226   0.010
   1.723   2.028   0.80   0.220   0.011
   1.723   2.028   0.90   0.177   0.014
   1.748   2.040  -0.80   0.048   0.008
   1.748   2.040  -0.70   0.033   0.005
   1.748   2.040  -0.60   0.021   0.003
   1.748   2.040  -0.50   0.031   0.004
   1.748   2.040  -0.40   0.040   0.004
   1.748   2.040  -0.30   0.061   0.004
   1.748   2.040  -0.20   0.087   0.005
   1.748   2.040  -0.10   0.117   0.006
   1.748   2.040   0.00   0.124   0.007
   1.748   2.040   0.10   0.133   0.006
   1.748   2.040   0.20   0.147   0.007
   1.748   2.040   0.30   0.169   0.007
   1.748   2.040   0.40   0.188   0.008
   1.748   2.040   0.50   0.190   0.008
   1.748   2.040   0.60   0.195   0.008
   1.748   2.040   0.70   0.227   0.011
   1.748   2.040   0.80   0.222   0.011
   1.748   2.040   0.90   0.205   0.016
   1.774   2.052  -0.80   0.038   0.007
   1.774   2.052  -0.70   0.036   0.004
   1.774   2.052  -0.60   0.021   0.003
   1.774   2.052  -0.50   0.026   0.003
   1.774   2.052  -0.40   0.040   0.004
   1.774   2.052  -0.30   0.055   0.004
   1.774   2.052  -0.20   0.079   0.005
   1.774   2.052  -0.10   0.105   0.006
   1.774   2.052   0.00   0.107   0.006
   1.774   2.052   0.10   0.132   0.006
   1.774   2.052   0.20   0.144   0.007
   1.774   2.052   0.30   0.162   0.007
   1.774   2.052   0.40   0.163   0.007
   1.774   2.052   0.50   0.190   0.008
   1.774   2.052   0.60   0.204   0.008
   1.774   2.052   0.70   0.212   0.010
   1.774   2.052   0.80   0.218   0.011
   1.774   2.052   0.90   0.200   0.015
   1.799   2.063  -0.80   0.033   0.007
   1.799   2.063  -0.70   0.035   0.005
   1.799   2.063  -0.60   0.022   0.004
   1.799   2.063  -0.50   0.025   0.004
   1.799   2.063  -0.40   0.039   0.004
   1.799   2.063  -0.30   0.048   0.004
   1.799   2.063  -0.20   0.084   0.005
   1.799   2.063  -0.10   0.091   0.005
   1.799   2.063   0.00   0.113   0.006
   1.799   2.063   0.10   0.124   0.006
   1.799   2.063   0.20   0.145   0.007
   1.799   2.063   0.30   0.146   0.007
   1.799   2.063   0.40   0.164   0.008
   1.799   2.063   0.50   0.174   0.008
   1.799   2.063   0.60   0.181   0.009
   1.799   2.063   0.70   0.216   0.011
   1.799   2.063   0.80   0.225   0.012
   1.799   2.063   0.90   0.196   0.016
   1.824   2.075  -0.80   0.046   0.007
   1.824   2.075  -0.70   0.041   0.005
   1.824   2.075  -0.60   0.026   0.004
   1.824   2.075  -0.50   0.027   0.003
   1.824   2.075  -0.40   0.038   0.004
   1.824   2.075  -0.30   0.046   0.004
   1.824   2.075  -0.20   0.076   0.005
   1.824   2.075  -0.10   0.081   0.005
   1.824   2.075   0.00   0.092   0.005
   1.824   2.075   0.10   0.122   0.006
   1.824   2.075   0.20   0.130   0.006
   1.824   2.075   0.30   0.151   0.007
   1.824   2.075   0.40   0.163   0.007
   1.824   2.075   0.50   0.186   0.008
   1.824   2.075   0.60   0.179   0.008
   1.824   2.075   0.70   0.194   0.009
   1.824   2.075   0.80   0.229   0.011
   1.824   2.075   0.90   0.211   0.016
   1.849   2.086  -0.80   0.034   0.007
   1.849   2.086  -0.70   0.045   0.005
   1.849   2.086  -0.60   0.034   0.004
   1.849   2.086  -0.50   0.027   0.003
   1.849   2.086  -0.40   0.035   0.003
   1.849   2.086  -0.30   0.048   0.004
   1.849   2.086  -0.20   0.064   0.005
   1.849   2.086  -0.10   0.069   0.005
   1.849   2.086   0.00   0.092   0.005
   1.849   2.086   0.10   0.109   0.005
   1.849   2.086   0.20   0.124   0.006
   1.849   2.086   0.30   0.139   0.006
   1.849   2.086   0.40   0.164   0.007
   1.849   2.086   0.50   0.167   0.007
   1.849   2.086   0.60   0.191   0.009
   1.849   2.086   0.70   0.193   0.010
   1.849   2.086   0.80   0.210   0.010
   1.849   2.086   0.90   0.171   0.014
   1.875   2.097  -0.80   0.058   0.011
   1.875   2.097  -0.70   0.042   0.006
   1.875   2.097  -0.60   0.027   0.004
   1.875   2.097  -0.50   0.030   0.004
   1.875   2.097  -0.40   0.034   0.004
   1.875   2.097  -0.30   0.044   0.004
   1.875   2.097  -0.20   0.051   0.005
   1.875   2.097  -0.10   0.069   0.007
   1.875   2.097   0.00   0.094   0.007
   1.875   2.097   0.10   0.104   0.007
   1.875   2.097   0.20   0.121   0.008
   1.875   2.097   0.30   0.136   0.008
   1.875   2.097   0.40   0.165   0.010
   1.875   2.097   0.50   0.185   0.010
   1.875   2.097   0.60   0.199   0.012
   1.875   2.097   0.70   0.236   0.014
   1.875   2.097   0.80   0.210   0.014
   1.875   2.097   0.90   0.186   0.020
   1.900   2.108  -0.80   0.049   0.007
   1.900   2.108  -0.70   0.040   0.005
   1.900   2.108  -0.60   0.021   0.003
   1.900   2.108  -0.50   0.019   0.003
   1.900   2.108  -0.40   0.027   0.003
   1.900   2.108  -0.30   0.039   0.003
   1.900   2.108  -0.20   0.055   0.004
   1.900   2.108  -0.10   0.066   0.005
   1.900   2.108   0.00   0.083   0.005
   1.900   2.108   0.10   0.096   0.005
   1.900   2.108   0.20   0.129   0.007
   1.900   2.108   0.30   0.129   0.006
   1.900   2.108   0.40   0.158   0.008
   1.900   2.108   0.50   0.165   0.007
   1.900   2.108   0.60   0.201   0.010
   1.900   2.108   0.70   0.194   0.010
   1.900   2.108   0.80   0.192   0.010
   1.900   2.108   0.90   0.157   0.014
   1.925   2.120  -0.80   0.059   0.009
   1.925   2.120  -0.70   0.044   0.005
   1.925   2.120  -0.60   0.027   0.003
   1.925   2.120  -0.50   0.018   0.003
   1.925   2.120  -0.40   0.028   0.003
   1.925   2.120  -0.30   0.040   0.004
   1.925   2.120  -0.20   0.050   0.004
   1.925   2.120  -0.10   0.074   0.005
   1.925   2.120   0.00   0.080   0.005
   1.925   2.120   0.10   0.099   0.005
   1.925   2.120   0.20   0.113   0.006
   1.925   2.120   0.30   0.128   0.006
   1.925   2.120   0.40   0.141   0.007
   1.925   2.120   0.50   0.159   0.007
   1.925   2.120   0.60   0.191   0.010
   1.925   2.120   0.70   0.186   0.010
   1.925   2.120   0.80   0.202   0.010
   1.925   2.120   0.90   0.174   0.014
   1.950   2.131  -0.80   0.051   0.007
   1.950   2.131  -0.70   0.032   0.004
   1.950   2.131  -0.60   0.030   0.004
   1.950   2.131  -0.50   0.022   0.003
   1.950   2.131  -0.40   0.025   0.003
   1.950   2.131  -0.30   0.038   0.003
   1.950   2.131  -0.20   0.041   0.004
   1.950   2.131  -0.10   0.067   0.005
   1.950   2.131   0.00   0.083   0.005
   1.950   2.131   0.10   0.094   0.005
   1.950   2.131   0.20   0.103   0.005
   1.950   2.131   0.30   0.121   0.006
   1.950   2.131   0.40   0.136   0.006
   1.950   2.131   0.50   0.162   0.007
   1.950   2.131   0.60   0.183   0.009
   1.950   2.131   0.70   0.205   0.010
   1.950   2.131   0.80   0.212   0.011
   1.950   2.131   0.90   0.148   0.014
   1.975   2.142  -0.80   0.059   0.008
   1.975   2.142  -0.70   0.037   0.004
   1.975   2.142  -0.60   0.033   0.003
   1.975   2.142  -0.50   0.028   0.003
   1.975   2.142  -0.40   0.027   0.003
   1.975   2.142  -0.30   0.032   0.002
   1.975   2.142  -0.20   0.048   0.004
   1.975   2.142  -0.10   0.051   0.004
   1.975   2.142   0.00   0.069   0.004
   1.975   2.142   0.10   0.084   0.004
   1.975   2.142   0.20   0.103   0.005
   1.975   2.142   0.30   0.122   0.006
   1.975   2.142   0.40   0.122   0.006
   1.975   2.142   0.50   0.155   0.007
   1.975   2.142   0.60   0.171   0.009
   1.975   2.142   0.70   0.205   0.010
   1.975   2.142   0.80   0.174   0.010
   1.975   2.142   0.90   0.134   0.011
   2.001   2.153  -0.80   0.046   0.007
   2.001   2.153  -0.70   0.044   0.005
   2.001   2.153  -0.60   0.038   0.004
   2.001   2.153  -0.50   0.018   0.003
   2.001   2.153  -0.40   0.023   0.003
   2.001   2.153  -0.30   0.031   0.003
   2.001   2.153  -0.20   0.045   0.003
   2.001   2.153  -0.10   0.054   0.004
   2.001   2.153   0.00   0.062   0.004
   2.001   2.153   0.10   0.088   0.005
   2.001   2.153   0.20   0.096   0.005
   2.001   2.153   0.30   0.114   0.006
   2.001   2.153   0.40   0.122   0.006
   2.001   2.153   0.50   0.134   0.007
   2.001   2.153   0.60   0.176   0.009
   2.001   2.153   0.70   0.193   0.010
   2.001   2.153   0.80   0.169   0.010
   2.001   2.153   0.90   0.148   0.012
   2.026   2.164  -0.80   0.068   0.008
   2.026   2.164  -0.70   0.058   0.006
   2.026   2.164  -0.60   0.032   0.004
   2.026   2.164  -0.50   0.021   0.003
   2.026   2.164  -0.40   0.026   0.003
   2.026   2.164  -0.30   0.028   0.003
   2.026   2.164  -0.20   0.041   0.004
   2.026   2.164  -0.10   0.054   0.004
   2.026   2.164   0.00   0.066   0.004
   2.026   2.164   0.10   0.068   0.004
   2.026   2.164   0.20   0.091   0.005
   2.026   2.164   0.30   0.100   0.005
   2.026   2.164   0.40   0.123   0.006
   2.026   2.164   0.50   0.134   0.007
   2.026   2.164   0.60   0.184   0.009
   2.026   2.164   0.70   0.195   0.010
   2.026   2.164   0.80   0.170   0.010
   2.026   2.164   0.90   0.163   0.015
   2.051   2.175  -0.80   0.064   0.009
   2.051   2.175  -0.70   0.049   0.006
   2.051   2.175  -0.60   0.036   0.004
   2.051   2.175  -0.50   0.022   0.003
   2.051   2.175  -0.40   0.022   0.003
   2.051   2.175  -0.30   0.022   0.003
   2.051   2.175  -0.20   0.037   0.003
   2.051   2.175  -0.10   0.045   0.004
   2.051   2.175   0.00   0.054   0.004
   2.051   2.175   0.10   0.073   0.004
   2.051   2.175   0.20   0.085   0.005
   2.051   2.175   0.30   0.094   0.005
   2.051   2.175   0.40   0.138   0.007
   2.051   2.175   0.50   0.135   0.007
   2.051   2.175   0.60   0.169   0.009
   2.051   2.175   0.70   0.195   0.011
   2.051   2.175   0.80   0.171   0.010
   2.051   2.175   0.90   0.149   0.014
   2.076   2.185  -0.80   0.055   0.008
   2.076   2.185  -0.70   0.048   0.005
   2.076   2.185  -0.60   0.030   0.003
   2.076   2.185  -0.50   0.019   0.003
   2.076   2.185  -0.40   0.016   0.003
   2.076   2.185  -0.30   0.023   0.003
   2.076   2.185  -0.20   0.033   0.004
   2.076   2.185  -0.10   0.036   0.004
   2.076   2.185   0.00   0.048   0.004
   2.076   2.185   0.10   0.070   0.004
   2.076   2.185   0.20   0.082   0.005
   2.076   2.185   0.30   0.097   0.006
   2.076   2.185   0.40   0.107   0.006
   2.076   2.185   0.50   0.139   0.006
   2.076   2.185   0.60   0.164   0.009
   2.076   2.185   0.70   0.197   0.011
   2.076   2.185   0.80   0.170   0.010
   2.076   2.185   0.90   0.149   0.014
   2.101   2.196  -0.80   0.058   0.008
   2.101   2.196  -0.70   0.053   0.005
   2.101   2.196  -0.60   0.033   0.004
   2.101   2.196  -0.50   0.024   0.003
   2.101   2.196  -0.40   0.022   0.003
   2.101   2.196  -0.30   0.028   0.003
   2.101   2.196  -0.20   0.027   0.003
   2.101   2.196  -0.10   0.037   0.003
   2.101   2.196   0.00   0.046   0.004
   2.101   2.196   0.10   0.072   0.004
   2.101   2.196   0.20   0.079   0.005
   2.101   2.196   0.30   0.094   0.005
   2.101   2.196   0.40   0.104   0.006
   2.101   2.196   0.50   0.143   0.007
   2.101   2.196   0.60   0.163   0.009
   2.101   2.196   0.70   0.183   0.010
   2.101   2.196   0.80   0.170   0.009
   2.101   2.196   0.90   0.134   0.013
   2.126   2.207  -0.80   0.043   0.007
   2.126   2.207  -0.70   0.051   0.005
   2.126   2.207  -0.60   0.036   0.004
   2.126   2.207  -0.50   0.032   0.004
   2.126   2.207  -0.40   0.022   0.003
   2.126   2.207  -0.30   0.022   0.003
   2.126   2.207  -0.20   0.034   0.003
   2.126   2.207  -0.10   0.036   0.004
   2.126   2.207   0.00   0.041   0.004
   2.126   2.207   0.10   0.060   0.004
   2.126   2.207   0.20   0.077   0.005
   2.126   2.207   0.30   0.087   0.005
   2.126   2.207   0.40   0.110   0.006
   2.126   2.207   0.50   0.131   0.007
   2.126   2.207   0.60   0.161   0.008
   2.126   2.207   0.70   0.173   0.010
   2.126   2.207   0.80   0.177   0.010
   2.126   2.207   0.90   0.202   0.018
   2.151   2.217  -0.80   0.060   0.007
   2.151   2.217  -0.70   0.048   0.005
   2.151   2.217  -0.60   0.034   0.004
   2.151   2.217  -0.50   0.024   0.003
   2.151   2.217  -0.40   0.020   0.003
   2.151   2.217  -0.30   0.019   0.002
   2.151   2.217  -0.20   0.027   0.003
   2.151   2.217  -0.10   0.036   0.003
   2.151   2.217   0.00   0.041   0.003
   2.151   2.217   0.10   0.046   0.004
   2.151   2.217   0.20   0.064   0.004
   2.151   2.217   0.30   0.080   0.005
   2.151   2.217   0.40   0.090   0.005
   2.151   2.217   0.50   0.123   0.006
   2.151   2.217   0.60   0.154   0.008
   2.151   2.217   0.70   0.186   0.010
   2.151   2.217   0.80   0.159   0.010
   2.151   2.217   0.90   0.154   0.016
   2.177   2.228  -0.80   0.067   0.008
   2.177   2.228  -0.70   0.054   0.007
   2.177   2.228  -0.60   0.038   0.005
   2.177   2.228  -0.50   0.037   0.005
   2.177   2.228  -0.40   0.027   0.003
   2.177   2.228  -0.30   0.026   0.003
   2.177   2.228  -0.20   0.037   0.004
   2.177   2.228  -0.10   0.034   0.004
   2.177   2.228   0.00   0.049   0.004
   2.177   2.228   0.10   0.051   0.004
   2.177   2.228   0.20   0.066   0.005
   2.177   2.228   0.30   0.082   0.006
   2.177   2.228   0.40   0.097   0.006
   2.177   2.228   0.50   0.126   0.007
   2.177   2.228   0.60   0.170   0.010
   2.177   2.228   0.70   0.170   0.011
   2.177   2.228   0.80   0.173   0.011
   2.177   2.228   0.90   0.200   0.021
   2.202   2.239  -0.80   0.062   0.008
   2.202   2.239  -0.70   0.050   0.006
   2.202   2.239  -0.60   0.039   0.004
   2.202   2.239  -0.50   0.026   0.004
   2.202   2.239  -0.40   0.021   0.003
   2.202   2.239  -0.30   0.024   0.003
   2.202   2.239  -0.20   0.027   0.003
   2.202   2.239  -0.10   0.032   0.003
   2.202   2.239   0.00   0.042   0.004
   2.202   2.239   0.10   0.050   0.004
   2.202   2.239   0.20   0.064   0.005
   2.202   2.239   0.30   0.073   0.005
   2.202   2.239   0.40   0.098   0.006
   2.202   2.239   0.50   0.117   0.007
   2.202   2.239   0.60   0.169   0.010
   2.202   2.239   0.70   0.156   0.010
   2.202   2.239   0.80   0.163   0.011
   2.202   2.239   0.90   0.140   0.016
   2.227   2.249  -0.80   0.051   0.008
   2.227   2.249  -0.70   0.050   0.005
   2.227   2.249  -0.60   0.032   0.004
   2.227   2.249  -0.50   0.025   0.003
   2.227   2.249  -0.40   0.019   0.003
   2.227   2.249  -0.30   0.019   0.002
   2.227   2.249  -0.20   0.018   0.002
   2.227   2.249  -0.10   0.028   0.003
   2.227   2.249   0.00   0.040   0.003
   2.227   2.249   0.10   0.041   0.004
   2.227   2.249   0.20   0.056   0.004
   2.227   2.249   0.30   0.070   0.005
   2.227   2.249   0.40   0.092   0.005
   2.227   2.249   0.50   0.121   0.006
   2.227   2.249   0.60   0.140   0.008
   2.227   2.249   0.70   0.172   0.011
   2.227   2.249   0.80   0.150   0.010
   2.227   2.249   0.90   0.187   0.017
   2.253   2.260  -0.80   0.049   0.008
   2.253   2.260  -0.70   0.055   0.006
   2.253   2.260  -0.60   0.035   0.004
   2.253   2.260  -0.50   0.026   0.004
   2.253   2.260  -0.40   0.021   0.003
   2.253   2.260  -0.30   0.021   0.003
   2.253   2.260  -0.20   0.021   0.003
   2.253   2.260  -0.10   0.033   0.004
   2.253   2.260   0.00   0.040   0.003
   2.253   2.260   0.10   0.035   0.003
   2.253   2.260   0.20   0.055   0.004
   2.253   2.260   0.30   0.066   0.005
   2.253   2.260   0.40   0.095   0.005
   2.253   2.260   0.50   0.107   0.006
   2.253   2.260   0.60   0.141   0.009
   2.253   2.260   0.70   0.152   0.009
   2.253   2.260   0.80   0.180   0.011
   2.253   2.260   0.90   0.134   0.015
   2.278   2.270  -0.80   0.057   0.008
   2.278   2.270  -0.70   0.044   0.005
   2.278   2.270  -0.60   0.039   0.004
   2.278   2.270  -0.50   0.037   0.004
   2.278   2.270  -0.40   0.015   0.002
   2.278   2.270  -0.30   0.019   0.002
   2.278   2.270  -0.20   0.017   0.003
   2.278   2.270  -0.10   0.022   0.003
   2.278   2.270   0.00   0.034   0.003
   2.278   2.270   0.10   0.037   0.003
   2.278   2.270   0.20   0.045   0.004
   2.278   2.270   0.30   0.061   0.005
   2.278   2.270   0.40   0.083   0.005
   2.278   2.270   0.50   0.105   0.006
   2.278   2.270   0.60   0.133   0.008
   2.278   2.270   0.70   0.157   0.009
   2.278   2.270   0.80   0.154   0.010
   2.278   2.270   0.90   0.139   0.014
   2.303   2.281  -0.80   0.052   0.008
   2.303   2.281  -0.70   0.050   0.005
   2.303   2.281  -0.60   0.042   0.004
   2.303   2.281  -0.50   0.026   0.004
   2.303   2.281  -0.40   0.015   0.003
   2.303   2.281  -0.30   0.017   0.003
   2.303   2.281  -0.20   0.023   0.003
   2.303   2.281  -0.10   0.020   0.003
   2.303   2.281   0.00   0.022   0.003
   2.303   2.281   0.10   0.033   0.003
   2.303   2.281   0.20   0.041   0.004
   2.303   2.281   0.30   0.058   0.005
   2.303   2.281   0.40   0.078   0.005
   2.303   2.281   0.50   0.106   0.007
   2.303   2.281   0.60   0.135   0.009
   2.303   2.281   0.70   0.179   0.010
   2.303   2.281   0.80   0.166   0.011
   2.303   2.281   0.90   0.190   0.018
   2.328   2.291  -0.80   0.063   0.009
   2.328   2.291  -0.70   0.038   0.006
   2.328   2.291  -0.60   0.042   0.005
   2.328   2.291  -0.50   0.022   0.004
   2.328   2.291  -0.40   0.019   0.003
   2.328   2.291  -0.30   0.016   0.003
   2.328   2.291  -0.20   0.015   0.002
   2.328   2.291  -0.10   0.021   0.003
   2.328   2.291   0.00   0.029   0.003
   2.328   2.291   0.10   0.025   0.003
   2.328   2.291   0.20   0.040   0.004
   2.328   2.291   0.30   0.053   0.004
   2.328   2.291   0.40   0.078   0.006
   2.328   2.291   0.50   0.109   0.007
   2.328   2.291   0.60   0.117   0.009
   2.328   2.291   0.70   0.168   0.011
   2.328   2.291   0.80   0.162   0.012
   2.328   2.291   0.90   0.117   0.014
   2.353   2.301  -0.80   0.058   0.008
   2.353   2.301  -0.70   0.038   0.005
   2.353   2.301  -0.60   0.034   0.004
   2.353   2.301  -0.50   0.030   0.004
   2.353   2.301  -0.40   0.016   0.003
   2.353   2.301  -0.30   0.017   0.002
   2.353   2.301  -0.20   0.017   0.003
   2.353   2.301  -0.10   0.029   0.003
   2.353   2.301   0.00   0.021   0.003
   2.353   2.301   0.10   0.029   0.003
   2.353   2.301   0.20   0.038   0.004
   2.353   2.301   0.30   0.055   0.005
   2.353   2.301   0.40   0.073   0.005
   2.353   2.301   0.50   0.090   0.007
   2.353   2.301   0.60   0.129   0.009
   2.353   2.301   0.70   0.157   0.011
   2.353   2.301   0.80   0.198   0.013
   2.353   2.301   0.90   0.151   0.019
   2.430   2.332  -0.80   0.066   0.012
   2.430   2.332  -0.70   0.043   0.007
   2.430   2.332  -0.60   0.041   0.007
   2.430   2.332  -0.50   0.020   0.004
   2.430   2.332  -0.40   0.027   0.004
   2.430   2.332  -0.30   0.015   0.003
   2.430   2.332  -0.20   0.010   0.003
   2.430   2.332  -0.10   0.029   0.008
   2.430   2.332   0.00   0.022   0.004
   2.430   2.332   0.10   0.031   0.004
   2.430   2.332   0.20   0.030   0.004
   2.430   2.332   0.30   0.059   0.006
   2.430   2.332   0.40   0.061   0.006
   2.430   2.332   0.50   0.102   0.009
   2.430   2.332   0.60   0.136   0.011
   2.430   2.332   0.70   0.180   0.014
   2.430   2.332   0.80   0.213   0.016
   2.430   2.332   0.90   0.287   0.028
   2.455   2.343  -0.80   0.044   0.008
   2.455   2.343  -0.70   0.046   0.013
   2.455   2.343  -0.60   0.035   0.005
   2.455   2.343  -0.50   0.026   0.004
   2.455   2.343  -0.40   0.015   0.003
   2.455   2.343  -0.30   0.010   0.002
   2.455   2.343  -0.20   0.015   0.003
   2.455   2.343  -0.10   0.008   0.002
   2.455   2.343   0.00   0.018   0.003
   2.455   2.343   0.10   0.025   0.003
   2.455   2.343   0.20   0.022   0.003
   2.455   2.343   0.30   0.042   0.005
   2.455   2.343   0.40   0.063   0.005
   2.455   2.343   0.50   0.087   0.007
   2.455   2.343   0.60   0.128   0.010
   2.455   2.343   0.70   0.134   0.010
   2.455   2.343   0.80   0.181   0.013
   2.455   2.343   0.90   0.206   0.025
   2.480   2.353  -0.80   0.025   0.007
   2.480   2.353  -0.70   0.046   0.008
   2.480   2.353  -0.60   0.022   0.005
   2.480   2.353  -0.50   0.021   0.004
   2.480   2.353  -0.40   0.016   0.003
   2.480   2.353  -0.30   0.014   0.003
   2.480   2.353  -0.20   0.012   0.002
   2.480   2.353  -0.10   0.012   0.003
   2.480   2.353   0.00   0.010   0.002
   2.480   2.353   0.10   0.019   0.003
   2.480   2.353   0.20   0.028   0.004
   2.480   2.353   0.30   0.026   0.004
   2.480   2.353   0.40   0.065   0.005
   2.480   2.353   0.50   0.097   0.008
   2.480   2.353   0.60   0.125   0.010
   2.480   2.353   0.70   0.130   0.011
   2.480   2.353   0.80   0.155   0.012
   2.480   2.353   0.90   0.166   0.021
   2.505   2.363  -0.80   0.036   0.006
   2.505   2.363  -0.70   0.041   0.006
   2.505   2.363  -0.60   0.033   0.004
   2.505   2.363  -0.50   0.025   0.004
   2.505   2.363  -0.40   0.018   0.003
   2.505   2.363  -0.30   0.018   0.004
   2.505   2.363  -0.20   0.011   0.002
   2.505   2.363  -0.10   0.012   0.003
   2.505   2.363   0.00   0.014   0.003
   2.505   2.363   0.10   0.021   0.004
   2.505   2.363   0.20   0.029   0.004
   2.505   2.363   0.30   0.030   0.004
   2.505   2.363   0.40   0.050   0.005
   2.505   2.363   0.50   0.079   0.007
   2.505   2.363   0.60   0.104   0.008
   2.505   2.363   0.70   0.146   0.010
   2.505   2.363   0.80   0.171   0.012
   2.505   2.363   0.90   0.170   0.022
   2.530   2.372  -0.80   0.037   0.007
   2.530   2.372  -0.70   0.035   0.006
   2.530   2.372  -0.60   0.031   0.005
   2.530   2.372  -0.50   0.022   0.004
   2.530   2.372  -0.40   0.014   0.003
   2.530   2.372  -0.30   0.014   0.003
   2.530   2.372  -0.20   0.012   0.003
   2.530   2.372  -0.10   0.008   0.002
   2.530   2.372   0.00   0.012   0.003
   2.530   2.372   0.10   0.017   0.003
   2.530   2.372   0.20   0.024   0.004
   2.530   2.372   0.30   0.040   0.004
   2.530   2.372   0.40   0.052   0.005
   2.530   2.372   0.50   0.080   0.007
   2.530   2.372   0.60   0.109   0.009
   2.530   2.372   0.70   0.141   0.012
   2.530   2.372   0.80   0.178   0.014
   2.530   2.372   0.90   0.175   0.026
   2.555   2.382  -0.80   0.042   0.010
   2.555   2.382  -0.70   0.042   0.006
   2.555   2.382  -0.60   0.030   0.005
   2.555   2.382  -0.50   0.021   0.005
   2.555   2.382  -0.40   0.010   0.003
   2.555   2.382  -0.30   0.005   0.002
   2.555   2.382  -0.20   0.006   0.002
   2.555   2.382  -0.10   0.007   0.002
   2.555   2.382   0.00   0.007   0.002
   2.555   2.382   0.10   0.014   0.003
   2.555   2.382   0.20   0.018   0.005
   2.555   2.382   0.30   0.030   0.004
   2.555   2.382   0.40   0.048   0.005
   2.555   2.382   0.50   0.064   0.007
   2.555   2.382   0.60   0.102   0.009
   2.555   2.382   0.70   0.136   0.014
   2.555   2.382   0.80   0.173   0.014
   2.555   2.382   0.90   0.152   0.023
   2.580   2.392  -0.80   0.025   0.014
   2.580   2.392  -0.70   0.032   0.007
   2.580   2.392  -0.60   0.040   0.007
   2.580   2.392  -0.50   0.020   0.004
   2.580   2.392  -0.40   0.016   0.004
   2.580   2.392  -0.30   0.006   0.002
   2.580   2.392  -0.20   0.007   0.002
   2.580   2.392  -0.10   0.015   0.003
   2.580   2.392   0.00   0.008   0.002
   2.580   2.392   0.10   0.009   0.003
   2.580   2.392   0.20   0.022   0.005
   2.580   2.392   0.30   0.029   0.005
   2.580   2.392   0.40   0.041   0.005
   2.580   2.392   0.50   0.078   0.009
   2.580   2.392   0.60   0.106   0.011
   2.580   2.392   0.70   0.123   0.013
   2.580   2.392   0.80   0.178   0.015
   2.580   2.392   0.90   0.147   0.026
   2.605   2.402  -0.80   0.030   0.007
   2.605   2.402  -0.70   0.029   0.005
   2.605   2.402  -0.60   0.025   0.004
   2.605   2.402  -0.50   0.023   0.004
   2.605   2.402  -0.40   0.011   0.002
   2.605   2.402  -0.30   0.012   0.003
   2.605   2.402  -0.20   0.010   0.003
   2.605   2.402  -0.10   0.011   0.004
   2.605   2.402   0.00   0.006   0.002
   2.605   2.402   0.10   0.017   0.003
   2.605   2.402   0.20   0.020   0.004
   2.605   2.402   0.30   0.022   0.004
   2.605   2.402   0.40   0.050   0.006
   2.605   2.402   0.50   0.074   0.007
   2.605   2.402   0.60   0.109   0.010
   2.605   2.402   0.70   0.121   0.010
   2.605   2.402   0.80   0.165   0.013
   2.605   2.402   0.90   0.218   0.026
   2.630   2.411  -0.80   0.034   0.007
   2.630   2.411  -0.70   0.030   0.006
   2.630   2.411  -0.60   0.032   0.005
   2.630   2.411  -0.50   0.016   0.003
   2.630   2.411  -0.40   0.008   0.002
   2.630   2.411  -0.30   0.009   0.002
   2.630   2.411  -0.20   0.014   0.003
   2.630   2.411  -0.10   0.012   0.003
   2.630   2.411   0.00   0.012   0.003
   2.630   2.411   0.10   0.012   0.003
   2.630   2.411   0.20   0.016   0.003
   2.630   2.411   0.30   0.035   0.004
   2.630   2.411   0.40   0.041   0.004
   2.630   2.411   0.50   0.061   0.006
   2.630   2.411   0.60   0.093   0.008
   2.630   2.411   0.70   0.136   0.010
   2.630   2.411   0.80   0.140   0.011
   2.630   2.411   0.90   0.195   0.025
   2.655   2.421  -0.80   0.038   0.008
   2.655   2.421  -0.70   0.026   0.004
   2.655   2.421  -0.60   0.021   0.005
   2.655   2.421  -0.50   0.014   0.004
   2.655   2.421  -0.40   0.012   0.003
   2.655   2.421  -0.30   0.015   0.002
   2.655   2.421  -0.20   0.006   0.002
   2.655   2.421  -0.10   0.018   0.004
   2.655   2.421   0.00   0.006   0.002
   2.655   2.421   0.10   0.010   0.002
   2.655   2.421   0.20   0.015   0.005
   2.655   2.421   0.30   0.022   0.003
   2.655   2.421   0.40   0.033   0.004
   2.655   2.421   0.50   0.062   0.007
   2.655   2.421   0.60   0.105   0.012
   2.655   2.421   0.70   0.101   0.010
   2.655   2.421   0.80   0.181   0.018
   2.655   2.421   0.90   0.205   0.031
   2.680   2.431  -0.80   0.027   0.009
   2.680   2.431  -0.70   0.030   0.005
   2.680   2.431  -0.60   0.031   0.006
   2.680   2.431  -0.50   0.018   0.004
   2.680   2.431  -0.40   0.009   0.002
   2.680   2.431  -0.30   0.011   0.004
   2.680   2.431  -0.20   0.003   0.001
   2.680   2.431  -0.10   0.003   0.002
   2.680   2.431   0.00   0.008   0.003
   2.680   2.431   0.10   0.011   0.003
   2.680   2.431   0.20   0.025   0.004
   2.680   2.431   0.30   0.028   0.004
   2.680   2.431   0.40   0.035   0.004
   2.680   2.431   0.50   0.070   0.007
   2.680   2.431   0.60   0.086   0.008
   2.680   2.431   0.70   0.129   0.011
   2.680   2.431   0.80   0.133   0.012
   2.680   2.431   0.90   0.208   0.028
   2.704   2.440  -0.80   0.035   0.008
   2.704   2.440  -0.70   0.034   0.005
   2.704   2.440  -0.60   0.020   0.004
   2.704   2.440  -0.50   0.025   0.004
   2.704   2.440  -0.40   0.014   0.004
   2.704   2.440  -0.30   0.007   0.003
   2.704   2.440  -0.20   0.010   0.003
   2.704   2.440  -0.10   0.005   0.001
   2.704   2.440   0.00   0.008   0.002
   2.704   2.440   0.10   0.014   0.002
   2.704   2.440   0.20   0.017   0.005
   2.704   2.440   0.30   0.026   0.003
   2.704   2.440   0.40   0.035   0.004
   2.704   2.440   0.50   0.051   0.005
   2.704   2.440   0.60   0.088   0.008
   2.704   2.440   0.70   0.120   0.009
   2.704   2.440   0.80   0.152   0.012
   2.704   2.440   0.90   0.263   0.028
   2.729   2.450  -0.80   0.047   0.009
   2.729   2.450  -0.70   0.034   0.007
   2.729   2.450  -0.60   0.027   0.005
   2.729   2.450  -0.50   0.020   0.004
   2.729   2.450  -0.40   0.013   0.003
   2.729   2.450  -0.30   0.013   0.003
   2.729   2.450  -0.20   0.013   0.003
   2.729   2.450  -0.10   0.006   0.002
   2.729   2.450   0.00   0.007   0.002
   2.729   2.450   0.10   0.011   0.002
   2.729   2.450   0.20   0.015   0.003
   2.729   2.450   0.30   0.021   0.003
   2.729   2.450   0.40   0.035   0.004
   2.729   2.450   0.50   0.054   0.006
   2.729   2.450   0.60   0.086   0.009
   2.729   2.450   0.70   0.108   0.010
   2.729   2.450   0.80   0.148   0.012
   2.729   2.450   0.90   0.226   0.030
   2.754   2.459  -0.80   0.028   0.007
   2.754   2.459  -0.70   0.036   0.007
   2.754   2.459  -0.60   0.017   0.004
   2.754   2.459  -0.50   0.013   0.004
   2.754   2.459  -0.40   0.004   0.002
   2.754   2.459  -0.30   0.012   0.003
   2.754   2.459  -0.20   0.006   0.003
   2.754   2.459  -0.10   0.013   0.004
   2.754   2.459   0.00   0.005   0.002
   2.754   2.459   0.10   0.019   0.001
   2.754   2.459   0.20   0.011   0.004
   2.754   2.459   0.30   0.036   0.007
   2.754   2.459   0.40   0.042   0.006
   2.754   2.459   0.50   0.050   0.009
   2.754   2.459   0.60   0.082   0.010
   2.754   2.459   0.70   0.124   0.013
   2.754   2.459   0.80   0.180   0.017
   2.754   2.459   0.90   0.243   0.035
   2.778   2.469  -0.80   0.030   0.007
   2.778   2.469  -0.70   0.036   0.007
   2.778   2.469  -0.60   0.026   0.005
   2.778   2.469  -0.50   0.020   0.004
   2.778   2.469  -0.40   0.014   0.004
   2.778   2.469  -0.30   0.012   0.004
   2.778   2.469  -0.20   0.007   0.002
   2.778   2.469  -0.10   0.014   0.004
   2.778   2.469   0.00   0.012   0.003
   2.778   2.469   0.10   0.008   0.003
   2.778   2.469   0.20   0.012   0.003
   2.778   2.469   0.30   0.014   0.003
   2.778   2.469   0.40   0.036   0.005
   2.778   2.469   0.50   0.051   0.008
   2.778   2.469   0.60   0.081   0.009
   2.778   2.469   0.70   0.131   0.011
   2.778   2.469   0.80   0.145   0.014
   2.778   2.469   0.90   0.177   0.028
   2.803   2.478  -0.80   0.025   0.009
   2.803   2.478  -0.70   0.023   0.004
   2.803   2.478  -0.60   0.019   0.004
   2.803   2.478  -0.50   0.014   0.003
   2.803   2.478  -0.40   0.011   0.003
   2.803   2.478  -0.30   0.009   0.003
   2.803   2.478  -0.20   0.007   0.001
   2.803   2.478  -0.10   0.015   0.003
   2.803   2.478   0.00   0.006   0.003
   2.803   2.478   0.10   0.004   0.002
   2.803   2.478   0.20   0.004   0.002
   2.803   2.478   0.30   0.020   0.004
   2.803   2.478   0.40   0.023   0.004
   2.803   2.478   0.50   0.053   0.007
   2.803   2.478   0.60   0.075   0.010
   2.803   2.478   0.70   0.127   0.009
   2.803   2.478   0.80   0.154   0.015
   2.803   2.478   0.90   0.227   0.036
   2.827   2.487  -0.80   0.024   0.006
   2.827   2.487  -0.70   0.021   0.005
   2.827   2.487  -0.60   0.022   0.004
   2.827   2.487  -0.50   0.009   0.003
   2.827   2.487  -0.40   0.006   0.003
   2.827   2.487  -0.30   0.011   0.002
   2.827   2.487  -0.20   0.008   0.002
   2.827   2.487  -0.10   0.012   0.003
   2.827   2.487   0.00   0.003   0.002
   2.827   2.487   0.10   0.011   0.003
   2.827   2.487   0.20   0.010   0.004
   2.827   2.487   0.30   0.026   0.006
   2.827   2.487   0.40   0.020   0.005
   2.827   2.487   0.50   0.053   0.007
   2.827   2.487   0.60   0.072   0.009
   2.827   2.487   0.70   0.122   0.013
   2.827   2.487   0.80   0.189   0.019
   2.827   2.487   0.90   0.208   0.031
   2.852   2.496  -0.80   0.022   0.006
   2.852   2.496  -0.70   0.027   0.009
   2.852   2.496  -0.60   0.017   0.004
   2.852   2.496  -0.50   0.011   0.002
   2.852   2.496  -0.40   0.017   0.003
   2.852   2.496  -0.30   0.014   0.003
   2.852   2.496  -0.20   0.012   0.003
   2.852   2.496  -0.10   0.009   0.002
   2.852   2.496   0.00   0.004   0.001
   2.852   2.496   0.10   0.008   0.003
   2.852   2.496   0.20   0.007   0.002
   2.852   2.496   0.30   0.015   0.004
   2.852   2.496   0.40   0.022   0.003
   2.852   2.496   0.50   0.045   0.006
   2.852   2.496   0.60   0.078   0.008
   2.852   2.496   0.70   0.109   0.010
   2.852   2.496   0.80   0.144   0.015
   2.852   2.496   0.90   0.200   0.024
   2.876   2.506  -0.80   0.025   0.008
   2.876   2.506  -0.70   0.026   0.005
   2.876   2.506  -0.60   0.014   0.004
   2.876   2.506  -0.50   0.017   0.005
   2.876   2.506  -0.40   0.004   0.003
   2.876   2.506  -0.30   0.004   0.003
   2.876   2.506  -0.20   0.006   0.002
   2.876   2.506  -0.10   0.007   0.003
   2.876   2.506   0.00   0.004   0.002
   2.876   2.506   0.10   0.005   0.002
   2.876   2.506   0.20   0.013   0.003
   2.876   2.506   0.30   0.010   0.003
   2.876   2.506   0.40   0.017   0.004
   2.876   2.506   0.50   0.045   0.007
   2.876   2.506   0.60   0.078   0.010
   2.876   2.506   0.70   0.106   0.011
   2.876   2.506   0.80   0.176   0.018
   2.876   2.506   0.90   0.174   0.035
   2.901   2.515  -0.80   0.025   0.008
   2.901   2.515  -0.70   0.019   0.004
   2.901   2.515  -0.60   0.019   0.003
   2.901   2.515  -0.50   0.015   0.003
   2.901   2.515  -0.40   0.009   0.002
   2.901   2.515  -0.30   0.004   0.001
   2.901   2.515  -0.20   0.004   0.001
   2.901   2.515  -0.10   0.006   0.002
   2.901   2.515   0.00   0.010   0.004
   2.901   2.515   0.10   0.011   0.003
   2.901   2.515   0.20   0.015   0.003
   2.901   2.515   0.30   0.017   0.006
   2.901   2.515   0.40   0.029   0.004
   2.901   2.515   0.50   0.049   0.007
   2.901   2.515   0.60   0.084   0.009
   2.901   2.515   0.70   0.113   0.011
   2.901   2.515   0.80   0.155   0.015
   2.901   2.515   0.90   0.180   0.036
   2.925   2.524  -0.80   0.007   0.003
   2.925   2.524  -0.70   0.028   0.005
   2.925   2.524  -0.60   0.020   0.003
   2.925   2.524  -0.50   0.018   0.004
   2.925   2.524  -0.40   0.013   0.003
   2.925   2.524  -0.30   0.014   0.002
   2.925   2.524  -0.20   0.015   0.003
   2.925   2.524  -0.10   0.007   0.002
   2.925   2.524   0.00   0.022   0.005
   2.925   2.524   0.10   0.007   0.004
   2.925   2.524   0.20   0.004   0.002
   2.925   2.524   0.30   0.019   0.004
   2.925   2.524   0.40   0.033   0.004
   2.925   2.524   0.50   0.039   0.006
   2.925   2.524   0.60   0.084   0.009
   2.925   2.524   0.70   0.122   0.013
   2.925   2.524   0.80   0.176   0.020
   2.925   2.524   0.90   0.258   0.030
   2.950   2.533  -0.80   0.026   0.007
   2.950   2.533  -0.70   0.024   0.009
   2.950   2.533  -0.60   0.015   0.003
   2.950   2.533  -0.50   0.008   0.003
   2.950   2.533  -0.40   0.009   0.004
   2.950   2.533  -0.30   0.010   0.003
   2.950   2.533  -0.20   0.009   0.003
   2.950   2.533  -0.10   0.007   0.003
   2.950   2.533   0.00   0.007   0.002
   2.950   2.533   0.10   0.015   0.004
   2.950   2.533   0.20   0.008   0.003
   2.950   2.533   0.30   0.010   0.003
   2.950   2.533   0.40   0.015   0.004
   2.950   2.533   0.50   0.046   0.007
   2.950   2.533   0.60   0.065   0.008
   2.950   2.533   0.70   0.092   0.010
   2.950   2.533   0.80   0.169   0.015
   2.950   2.533   0.90   0.189   0.029
