$vars: / & costhkcm & wlab (GeV) & S


S	-0.600	1.300	-0.0369489	0.13394
S	-0.250	1.300	0.219232	0.0703867
S	+0.050	1.300	-0.0539627	0.0608805
S	+0.300	1.300	0.0595005	0.0652681
S	+0.500	1.300	0.0629419	0.070804
S	+0.795	1.300	-0.048389	0.0699269
S	-0.600	1.500	-0.272509	0.0903739
S	-0.250	1.500	-0.136689	0.0496463
S	+0.050	1.500	-0.189741	0.0377806
S	+0.300	1.500	-0.0756482	0.0463589
S	+0.500	1.500	0.0376331	0.0489677
S	+0.795	1.500	0.126077	0.0515136
S	-0.600	1.700	-0.364638	0.116298
S	-0.250	1.700	-0.205124	0.0617668
S	+0.050	1.700	-0.0486412	0.045278
S	+0.300	1.700	-0.125814	0.0507706
S	+0.500	1.700	-0.298041	0.0550586
S	+0.795	1.700	0.0493331	0.066183
S	-0.600	1.900	0.393851	0.12423
S	-0.250	1.900	0.318026	0.072702
S	+0.050	1.900	0.113521	0.0511729
S	+0.300	1.900	0.122302	0.0587048
S	+0.500	1.900	0.0324977	0.0622709
S	+0.795	1.900	-0.0937328	0.0694902
S	-0.600	2.100	-0.572536	0.105838
S	-0.250	2.100	-0.416598	0.063385
S	+0.050	2.100	-0.251724	0.0518057
S	+0.300	2.100	-0.400914	0.0622904
S	+0.500	2.100	-0.269511	0.0646026
S	+0.795	2.100	0.193422	0.0752739
S	-0.600	2.300	-0.0498712	0.137567
S	-0.250	2.300	-0.177971	0.0767929
S	+0.050	2.300	-0.311697	0.0637799
S	+0.300	2.300	-0.381098	0.0834638
S	+0.500	2.300	-0.160519	0.0816668
S	+0.795	2.300	0.127247	0.0941003


# Data from CLAS collaboration.
# Communicated by Neil Hassall from Glasgow university
# Unpublished.
