# LLERES 08 arXiv:0807.3839 [nucl-ex]


$vars: wlab (GeV) & costhkcm & O_xp & O_zp


# E_lab  cos(theta)	   O_x'     err_tot	   O_z'	    err_tot
# -----  ----------      ------     -------	 ------	    -------
  0.980       0.854     -0.3490      0.1500     -0.5810      0.1940
  0.980       0.513     -0.3203      0.2554     -0.9565      0.2423
  0.980       0.162      0.0939      0.2625     -0.7538      0.1860
  0.980      -0.170      0.4642      0.3198     -1.1387      0.2366
  0.980      -0.484      0.4901      0.2439     -0.8412      0.2146
  0.980      -0.750      1.0276      0.4097      0.0913      0.5970
  1.027       0.861     -0.4254      0.1081     -0.3330      0.1103
  1.027       0.538     -0.4080      0.2245     -0.9507      0.2165
  1.027       0.145      0.0851      0.1888     -0.9947      0.1537
  1.027      -0.170      0.4771      0.1330     -0.9486      0.1405
  1.027      -0.485      0.7225      0.1423     -0.7443      0.1615
  1.027      -0.760      0.3036      0.2590      0.2875      0.4154
  1.074       0.856     -0.5015      0.1033     -0.2850      0.0800
  1.074       0.537     -0.2018      0.1400     -0.6735      0.1124
  1.074       0.156      0.1895      0.1200     -1.0032      0.1482
  1.074      -0.168      0.5523      0.1062     -1.1402      0.1295
  1.074      -0.490      0.6210      0.1047     -0.9960      0.1559
  1.074      -0.752      0.1629      0.1999     -0.4273      0.2230
  1.122       0.844     -0.5697      0.1545     -0.2743      0.1236
  1.122       0.536     -0.1794      0.1613     -0.6869      0.1269
  1.122       0.164      0.3646      0.2818     -0.8881      0.2438
  1.122      -0.160      0.5219      0.1652     -0.9499      0.1438
  1.122      -0.498      0.7951      0.1460     -0.6176      0.1972
  1.122      -0.758      0.3407      0.2519      0.1616      0.5680
  1.171       0.828     -0.5674      0.1224     -0.3980      0.0930
  1.171       0.516     -0.3056      0.1476     -0.9136      0.1282
  1.171       0.166      0.3195      0.2538     -0.8253      0.1230
  1.171      -0.162      0.5096      0.1753     -0.9636      0.1751
  1.171      -0.490      0.3473      0.1619     -0.5505      0.1904
  1.171      -0.770      0.1601      0.2337      0.0546      0.2856
  1.222       0.823     -0.2942      0.1787     -0.2911      0.1766
  1.222       0.516     -0.3099      0.1389     -0.6784      0.1673
  1.222       0.166      0.1929      0.1236     -0.4850      0.1094
  1.222      -0.154      0.5484      0.2516     -1.0253      0.1430
  1.222      -0.487      0.6154      0.1208     -0.4261      0.1659
  1.222      -0.769     -0.1158      0.2416      0.1618      0.2756
  1.272       0.811     -0.5256      0.1301     -0.5320      0.0866
  1.272       0.511     -0.3454      0.1405     -0.7098      0.1189
  1.272       0.164     -0.0281      0.1549     -0.8670      0.1122
  1.272      -0.160      0.2323      0.1254     -0.6758      0.1884
  1.272      -0.498      0.3949      0.1426     -0.6773      0.1664
  1.272      -0.775     -0.4535      0.1873     -0.3494      0.2716
  1.321       0.809     -0.5993      0.1609     -0.5544      0.0899
  1.321       0.509     -0.3039      0.1554     -0.9044      0.1085
  1.321       0.168      0.0735      0.1423     -0.7674      0.1527
  1.321      -0.160      0.3833      0.1412     -0.7345      0.1612
  1.321      -0.498     -0.0460      0.1137     -0.4087      0.2290
  1.321      -0.780     -0.3230      0.1578      0.4482      0.2171
  1.372       0.808     -0.5518      0.1187     -0.5996      0.0842
  1.372       0.508     -0.1497      0.1300     -0.7839      0.1189
  1.372       0.172      0.1684      0.1313     -0.4835      0.1121
  1.372      -0.164      0.2762      0.1219     -0.4192      0.1205
  1.372      -0.506     -0.1237      0.1383     -0.0185      0.1448
  1.372      -0.787     -0.6359      0.1259      0.0721      0.1593
  1.421       0.813     -0.4550      0.1443     -0.3835      0.0944
  1.421       0.506      0.0718      0.1599     -0.5576      0.1852
  1.421       0.168      0.3034      0.1389     -0.3219      0.1949
  1.421      -0.169      0.1903      0.1365     -0.2891      0.1337
  1.421      -0.506     -0.0756      0.1099      0.3127      0.1310
  1.421      -0.796     -0.4896      0.2054      0.0848      0.1716
  1.466       0.810     -0.3072      0.1499     -0.3539      0.0953
  1.466       0.511     -0.1721      0.1715     -0.8139      0.2224
  1.466       0.173      0.2703      0.1952     -0.6664      0.3317
  1.466      -0.168      0.0962      0.1390      0.0225      0.1925
  1.466      -0.513     -0.1643      0.1445      0.4321      0.1802
  1.466      -0.806     -0.9045      0.1520      0.4615      0.1615
