$vars: wlab (GeV) & / & costhkcm & P


#      E_lab	   theta  cos(theta)        	P      err_tot
#      -----	 -------  ----------       ------      -------
       0.980      31.305       0.854      -0.1797       0.1018
       0.980      59.124       0.513       0.0980       0.2375
       0.980      80.691       0.162      -0.0484       0.1459
       0.980      99.764      -0.170       0.2015       0.1757
       0.980     118.914      -0.483       0.2345       0.1232
       0.980     138.565      -0.750       0.2070       0.2337
       1.027      30.581       0.861      -0.2660       0.0743
       1.027      57.458       0.538      -0.3194       0.1124
       1.027      81.660       0.145      -0.2802       0.1393
       1.027      99.787      -0.170       0.0887       0.0955
       1.027     118.982      -0.485       0.1874       0.0811
       1.027     139.477      -0.760       0.3367       0.1705
       1.074      31.162       0.856      -0.2766       0.0521
       1.074      57.495       0.537      -0.3519       0.0881
       1.074      81.021       0.156      -0.2211       0.0646
       1.074      99.652      -0.168      -0.0317       0.0755
       1.074     119.309      -0.490       0.3338       0.0684
       1.074     138.770      -0.752       0.5986       0.1401
       1.122      32.403       0.844      -0.4524       0.0806
       1.122      57.604       0.536      -0.2919       0.0966
       1.122      80.550       0.164      -0.3983       0.1085
       1.122      99.215      -0.160      -0.0351       0.0911
       1.122     119.882      -0.498       0.3793       0.1026
       1.122     139.310      -0.758       0.1242       0.2562
       1.171      34.115       0.828      -0.3961       0.0742
       1.171      58.930       0.516      -0.4497       0.1257
       1.171      80.470       0.166      -0.4192       0.1420
       1.171      99.341      -0.162      -0.1693       0.1006
       1.171     119.359      -0.490       0.1403       0.0935
       1.171     140.368      -0.770       0.4745       0.1549
       1.222      34.590       0.823      -0.4900       0.0692
       1.222      58.919       0.516      -0.5126       0.0860
       1.222      80.429       0.166      -0.3554       0.0838
       1.222      98.882      -0.154      -0.1789       0.0810
       1.222     119.141      -0.487       0.0966       0.0962
       1.222     140.260      -0.769       0.3686       0.1434
       1.272      35.759       0.811      -0.4490       0.0666
       1.272      59.246       0.511      -0.5397       0.0961
       1.272      80.566       0.164      -0.2833       0.0992
       1.272      99.206      -0.160      -0.0914       0.0799
       1.272     119.855      -0.498       0.3319       0.0895
       1.272     140.760      -0.775       0.5116       0.1403
       1.321      35.967       0.809      -0.4307       0.0941
       1.321      59.395       0.509      -0.4278       0.1037
       1.321      80.334       0.168      -0.2872       0.0748
       1.321      99.214      -0.160      -0.1047       0.0976
       1.321     119.873      -0.498       0.3311       0.0920
       1.321     141.260      -0.780       0.2868       0.1119
       1.372      36.095       0.808      -0.4315       0.0616
       1.372      59.450       0.508      -0.4628       0.0918
       1.372      80.115       0.172      -0.2206       0.0724
       1.372      99.418      -0.164       0.0936       0.0928
       1.372     120.410      -0.506       0.4188       0.0765
       1.372     141.928      -0.787       0.4464       0.0901
       1.421      35.655       0.813      -0.3865       0.0661
       1.421      59.571       0.506      -0.4849       0.1358
       1.421      80.336       0.168      -0.2704       0.1196
       1.421      99.726      -0.169       0.1879       0.1234
       1.421     120.415      -0.506       0.5866       0.1135
       1.421     142.777      -0.796       0.5048       0.0812
       1.466      35.902       0.810      -0.4530       0.0906
       1.466      59.259       0.511      -0.4444       0.1143
       1.466      80.048       0.173      -0.2595       0.1018
       1.466      99.676      -0.168       0.1854       0.1165
       1.466     120.842      -0.513       0.6053       0.1454
       1.466     143.669      -0.806       0.5499       0.0892
