$vars: wlab_min (GeV) & wlab_max (GeV) & costhkcm & diffcs -sysErr:rel:0.07 -dcos


#        E_lab bins       costh      diffcs    err_stat
# -----------------       -----      ------    --------
  1.500       1.550        0.95       2.363      0.1289
  1.500       1.550        0.85       2.175      0.1590
  1.500       1.550        0.75       1.741      0.1741
  1.550       1.600        0.95       2.560      0.1271
  1.550       1.600        0.85       2.477      0.1589
  1.550       1.600        0.75       2.207      0.1853
  1.600       1.650        0.95       2.274      0.1127
  1.600       1.650        0.85       2.303      0.1451
  1.600       1.650        0.75       1.942      0.1624
  1.650       1.700        0.95       2.372      0.1167
  1.650       1.700        0.85       2.092      0.1395
  1.650       1.700        0.75       1.930      0.1637
  1.700       1.750        0.95       1.989      0.1053
  1.700       1.750        0.85       1.740      0.1253
  1.700       1.750        0.75       1.873      0.1577
  1.750       1.800        0.95       2.027      0.0989
  1.750       1.800        0.85       1.996      0.1236
  1.750       1.800        0.75       1.752      0.1411
  1.800       1.850        0.95       1.996      0.0922
  1.800       1.850        0.85       1.981      0.1153
  1.800       1.850        0.75       1.708      0.1302
  1.850       1.900        0.95       1.974      0.0879
  1.850       1.900        0.85       1.837      0.1057
  1.850       1.900        0.75       1.624      0.1224
  1.900       1.950        0.95       1.906      0.0888
  1.900       1.950        0.85       1.682      0.1028
  1.900       1.950        0.75       1.638      0.1249
  1.950       2.000        0.95       1.678      0.0745
  1.950       2.000        0.85       1.676      0.0913
  1.950       2.000        0.75       1.389      0.1027
  2.000       2.050        0.95       1.925      0.0758
  2.000       2.050        0.85       1.689      0.0867
  2.000       2.050        0.75       1.464      0.1005
  2.050       2.100        0.95       1.914      0.0743
  2.050       2.100        0.85       1.672      0.0846
  2.050       2.100        0.75       1.426      0.0973
  2.100       2.150        0.95       1.821      0.0774
  2.100       2.150        0.85       1.552      0.0862
  2.100       2.150        0.75       1.408      0.1029
  2.150       2.200        0.95       1.912      0.0699
  2.150       2.200        0.85       1.575      0.0758
  2.150       2.200        0.75       1.268      0.0858
  2.200       2.250        0.95       1.847      0.0669
  2.200       2.250        0.85       1.656      0.0751
  2.200       2.250        0.75       1.378      0.0865
  2.250       2.300        0.95       1.668      0.0629
  2.250       2.300        0.85       1.565      0.0717
  2.250       2.300        0.75       1.201      0.0796
  2.300       2.350        0.95       1.605      0.0630
  2.300       2.350        0.85       1.477      0.0708
  2.300       2.350        0.75       1.146      0.0793
  2.350       2.400        0.95       1.319      0.0629
  2.350       2.400        0.85       1.425      0.0762
  2.350       2.400        0.75       1.172      0.0881
