	::::::::::::::::::::::::::::::::::::::::::
		SLAC - data '68  (pi+-neutron)
	::::::::::::::::::::::::::::::::::::::::::


A.M. Boyarski et al. Phys. Rev. Lett. 20, 300 (1968)

  -t (GeV^2)     ds/dt (myb/GeV^2)
  ----------   ---------------------

 E IN GEV   5
 .00020000     3.7300000     .46000000  
 .00380000     2.9600000     .15000000  
 .00760000     2.3700000     .10000000
 .01910000     1.8700000     .09000000
 .03800000     1.7600000     .08000000
 .07700000     1.6100000     .08000000
 .16400000     1.2500000     .06000000
 .31000000      .8500000     .04000000
 .44000000      .5900000     .03000000
 .60000000      .3800000     .02700000
 .77000000      .2300000     .01600000
 .96000000      .1700000     .01600000
1.15000000      .1060000     .01000000
 E IN GEV   8
 .00051000     1.6400000     .18000000
 .00190000     1.3500000     .15000000
 .00350000     1.0800000     .10000000
 .00570000      .9800000     .11000000
 .00940000      .8300000     .04000000
 .01900000      .6600000     .03000000
 .03900000      .5800000     .03000000
 .07900000      .5500000     .02500000
 .16600000      .4600000     .02200000
 .31200000      .3500000     .01500000
 .44500000      .2500000     .01100000
 .60100000      .1850000     .00900000
 .77600000      .1180000     .00600000
 .97200000      .0700000     .00400000
1.29000000      .0288000     .00240000
1.66000000      .0082000     .00080000
2.13000000      .0015000     .00030000
 E IN GEV   11
 .00080000      .5200000     .07000000
 .00370000      .5700000     .05000000
 .00680000      .4500000     .04000000
 .01100000      .3760000     .03500000
 .01900000      .3390000     .01500000
 .03900000      .2960000     .01300000
 .07900000      .2690000     .01100000
 .16700000      .2300000     .01100000
 .31800000      .1790000     .00900000
 .45300000      .1360000     .00700000
 .78100000      .0660000     .00400000
 .98400000      .0361000     .00230000
1.28000000      .0143000     .00100000
1.69000000      .0037000     .00050000
2.06000000      .0010000     .00030000  
 E IN GEV   16
 .00120000      .2400000     .05000000
 .00330000      .2500000     .03000000
 .00800000      .1870000     .02500000
 .01500000      .1480000     .01900000
 .02300000      .1130000     .01800000
 .03800000      .1430000     .01000000
 .07700000      .1240000     .00800000
 .16200000      .1050000     .00700000
 .30600000      .0850000     .00500000
 .43800000      .0660000     .00500000
 .59400000      .0480000     .00300000
 .77000000      .0284000     .00230000
 .97000000      .0142000     .00110000
1.30000000      .0041000     .00040000
1.49000000      .0022000     .00040000
1.68000000      .0014000     .00020000
1.95000000      .0004600     .00020000
