	::::::::::::::::::::::::::::::::::::::::::
		SLAC - data '76  (pi+-neutron)
	::::::::::::::::::::::::::::::::::::::::::


R. L. Anderson et al. Phys. Rev. D14, 679 (1976)

  -t (GeV^2)     ds/dt (myb/GeV^2)
  ----------   ---------------------
  
 E IN GEV	4
0.95		0.236		0.0060
1.78		0.0232		0.0015
2.21		0.00575		5.2E-4
2.62		0.00385		3.8E-4
3.01		0.00352		3.2E-4
3.37		0.00339		2.4E-4
3.37		0.00284		3.0E-4
4.01		0.00417		3.3E-4
4.29		0.00447		4.5E-4
5.14		0.0122		0.0019
 E IN GEV	5
1.44		0.0443		0.0024
2.03		0.00581		3.5E-4
2.20		0.00314		2.3E-4
2.54		8.6E-4		1.4E-4
2.63		0.00107		1.6E-4
2.88		9.0E-4		9.0E-5
3.21		8.9E-4		1.0E-4
3.53		9.2E-4		1.0E-4
3.76		0.00107		1.3E-4
4.13		8.0E-4		1.1E-4
4.27		6.9E-4		1.1E-4
4.74		7.8E-4		1.1E-4
4.92		6.1E-4		1.2E-4
5.37		5.2E-4		1.0E-4
5.58		7.3E-4		1.3E-4
5.86		7.3E-4		1.2E-4
6.12		0.00135		2.5E-4
6.42		0.00128		2.5E-4
6.80		0.00335		5.6E-4
 E IN GEV	7.5
1.95		0.00345		1.6E-4
2.24		0.00115		1.2E-4
2.54		4.8E-4		8.0E-5
3.02		2.1E-4		5.0E-5
4.12		1.2E-4		2.0E-5
5.04		7.0E-5		2.0E-5
6.17		5.0E-5		1.0E-5
6.61		5.0E-5		2.0E-5
7.17		3.0E-5		2.0E-5
8.23		6.0E-5		3.0E-5
9.40		3.0E-5		3.0E-5
10.43		1.7E-4		4.0E-5
11.26		3.7E-4		1.0E-4
11.63		8.3E-4		1.4E-4
