::::::::::::::::::::::::::::::::::::::::::
       DESY-data (1975)  (pi+-n)
::::::::::::::::::::::::::::::::::::::::::

                      ds/dt_perp - ds/dt_par
target asymmetry T = ------------------------
                      ds/dt_perp + ds/dt_par

H. Genzel, Nucl. Phys. B92, 196 (1975)


E_gamma(GeV)	-t(GeV^2)	T 		error
+++++++++++++   ++++++++++      +++++           +++++

2.5		0.10		-0.17		0.09
2.5		0.20		-0.3		0.09
2.5		0.30		-0.46		0.09
2.5		0.40		-0.61		0.16
2.5		0.50		-0.38		0.12
2.5		0.70		-0.3		0.12
2.5		0.87		-0.14		0.14
3.5		0.10		-0.18		0.10
3.5		0.20		-0.35		0.10
3.5		0.30		-0.33		0.10
3.5		0.40		-0.4		0.12
3.5		0.48		-0.24		0.10
3.5		0.60		-0.53		0.12
3.5		0.68		-0.29		0.09
3.5		0.80		-0.57		0.16
3.5		1.0		-0.31		0.13
3.5		1.14		-0.1		0.16
5.0		0.10		-0.27		0.08
5.0		0.19		-0.26		0.07
5.0		0.29		-0.43		0.10
5.0		0.39		-0.4		0.08
5.0		0.48		-0.39		0.10
5.0		0.60		-0.39		0.10
5.0		0.67		-0.18		0.12
5.0		0.80		-0.18		0.12
5.0		0.98		-0.27		0.15
5.0		1.25		-0.38		0.19
