# KOHRI 06 PRL 97,082003 
# Differential cross section for GAMMA N --> K+ SIGMA-.

# x = COS(THETA(P=3,RF=CM))
# y = E(P=1) IN GEV 
# z = D(SIG)/DCOS(THETA) IN MUB 


$vars: costhkcm & wlab (GeV) & diffcs -dcos


# x   y     z  +- dz
# -------------------
.65 1.525 1.449 0.291
.65 1.575 0.716 0.141
.65 1.625 0.960 0.223
.65 1.675 0.465 0.168
.65 1.725 0.878 0.196
.65 1.775 0.613 0.159
.65 1.825 1.206 0.197
.65 1.875 1.048 0.181
.65 1.925 1.215 0.195
.65 1.975 1.293 0.180
.65 2.025 1.216 0.176
.65 2.075 1.173 0.164
.65 2.125 1.149 0.150
.65 2.175 1.140 0.144
.65 2.225 1.246 0.168
.65 2.275 1.085 0.133
.65 2.325 1.088 0.136
.65 2.375 0.863 0.154
.75 1.525 0.937 0.136
.75 1.575 0.975 0.135
.75 1.625 0.833 0.129
.75 1.675 0.858 0.144
.75 1.725 1.080 0.149
.75 1.775 0.853 0.131
.75 1.825 0.825 0.120
.75 1.875 1.240 0.133
.75 1.925 1.093 0.140
.75 1.975 1.274 0.118
.75 2.025 1.403 0.130
.75 2.075 1.447 0.138
.75 2.125 1.548 0.141
.75 2.175 1.413 0.123
.75 2.225 1.676 0.154
.75 2.275 1.232 0.119
.75 2.325 0.999 0.106
.75 2.375 0.985 0.128
.85 1.525 1.001 0.110
.85 1.575 0.972 0.111
.85 1.625 0.887 0.101
.85 1.675 0.881 0.113
.85 1.725 0.878 0.107
.85 1.775 0.981 0.101
.85 1.825 1.309 0.114
.85 1.875 1.042 0.099
.85 1.925 1.175 0.108
.85 1.975 1.239 0.094
.85 2.025 1.198 0.094
.85 2.075 1.369 0.105
.85 2.125 1.270 0.092
.85 2.175 1.335 0.091
.85 2.225 1.324 0.098
.85 2.275 1.206 0.084
.85 2.325 1.085 0.079
.85 2.375 1.157 0.113
.95 1.525 1.037 0.093
.95 1.575 0.974 0.081
.95 1.625 0.675 0.075
.95 1.675 0.689 0.080
.95 1.725 0.613 0.070
.95 1.775 0.914 0.079
.95 1.825 0.873 0.073
.95 1.875 0.800 0.071
.95 1.925 0.813 0.065
.95 1.975 1.010 0.068
.95 2.025 1.009 0.068
.95 2.075 0.912 0.065
.95 2.125 0.915 0.063
.95 2.175 0.876 0.056
.95 2.225 1.005 0.063
.95 2.275 0.905 0.059
.95 2.325 0.847 0.074
.95 2.375 0.775 0.067
