$vars: / & costhkcm & wlab (GeV) & diffcs


diffcs	-0.85	1.15	0.0123224	0.00956117
diffcs	-0.75	1.15	0.00937168	0.0071687
diffcs	-0.65	1.15	0.0354801	0.0118654
diffcs	-0.55	1.15	0.0334724	0.00936135
diffcs	-0.45	1.15	0.039023	0.00951672
diffcs	-0.35	1.15	0.0460373	0.00986697
diffcs	-0.25	1.15	0.0463887	0.00951452
diffcs	-0.15	1.15	0.0443721	0.00843886
diffcs	-0.05	1.15	0.0514575	0.0090881
diffcs	0.05	1.15	0.0501136	0.00864673
diffcs	0.15	1.15	0.0599618	0.0104201
diffcs	0.25	1.15	0.0556329	0.0105614
diffcs	0.35	1.15	0.050494	0.00958353
diffcs	0.45	1.15	0.0536487	0.00944462
diffcs	0.55	1.15	0.0611309	0.0104539
diffcs	0.65	1.15	0.0507965	0.00952963
diffcs	0.75	1.15	0.0443121	0.00911075
diffcs	0.85	1.15	0.0435118	0.00974795
diffcs	-0.85	1.25	0.0124313	0.0107542
diffcs	-0.75	1.25	0.0434733	0.0190446
diffcs	-0.65	1.25	0.0391255	0.0130495
diffcs	-0.55	1.25	0.0442494	0.0120557
diffcs	-0.45	1.25	0.0625786	0.0136675
diffcs	-0.35	1.25	0.0704436	0.0137763
diffcs	-0.25	1.25	0.0778357	0.0139915
diffcs	-0.15	1.25	0.0993689	0.0154966
diffcs	-0.05	1.25	0.0786781	0.0116598
diffcs	0.05	1.25	0.0841081	0.0116115
diffcs	0.15	1.25	0.0959488	0.0126169
diffcs	0.25	1.25	0.0862699	0.0108231
diffcs	0.35	1.25	0.11133		0.0125099
diffcs	0.45	1.25	0.112146	0.0128171
diffcs	0.55	1.25	0.10551		0.0126148
diffcs	0.65	1.25	0.0955663	0.0127059
diffcs	0.75	1.25	0.0638921	0.0102983
diffcs	0.85	1.25	0.0573227	0.0110383
diffcs	-0.85	1.35	0.0324538	0.0237531
diffcs	-0.75	1.35	0.0402191	0.0138405
diffcs	-0.65	1.35	0.0494028	0.0125968
diffcs	-0.55	1.35	0.0551712	0.0117934
diffcs	-0.45	1.35	0.0855592	0.0147795
diffcs	-0.35	1.35	0.0951186	0.014411
diffcs	-0.25	1.35	0.12043		0.0163868
diffcs	-0.15	1.35	0.132486	0.0161759
diffcs	-0.05	1.35	0.123887	0.013855
diffcs	0.05	1.35	0.120604	0.0127516
diffcs	0.15	1.35	0.123872	0.0125789
diffcs	0.25	1.35	0.137782	0.0131107
diffcs	0.35	1.35	0.157116	0.0141683
diffcs	0.45	1.35	0.148235	0.0140949
diffcs	0.55	1.35	0.141011	0.0144833
diffcs	0.65	1.35	0.122771	0.0140515
diffcs	0.75	1.35	0.0966324	0.0130689
diffcs	0.85	1.35	0.0774222	0.0124937
diffcs	-0.85	1.45	0.0414645	0.0267998
diffcs	-0.75	1.45	0.0383957	0.0151714
diffcs	-0.65	1.45	0.0535273	0.0164935
diffcs	-0.55	1.45	0.0830531	0.0195593
diffcs	-0.45	1.45	0.104091	0.0207915
diffcs	-0.35	1.45	0.115872	0.0204132
diffcs	-0.25	1.45	0.146768	0.0232213
diffcs	-0.15	1.45	0.164261	0.0242691
diffcs	-0.05	1.45	0.135844	0.0189442
diffcs	0.05	1.45	0.134077	0.0180923
diffcs	0.15	1.45	0.150276	0.0195204
diffcs	0.25	1.45	0.176686	0.0218354
diffcs	0.35	1.45	0.190322	0.0235132
diffcs	0.45	1.45	0.184454	0.0237846
diffcs	0.55	1.45	0.186932	0.0254979
diffcs	0.65	1.45	0.16053		0.024165
diffcs	0.75	1.45	0.126253	0.0215267
diffcs	0.85	1.45	0.10278		0.020447
diffcs	-0.85	1.55	0.0203433	0.01945
diffcs	-0.75	1.55	0.0290658	0.013941
diffcs	-0.65	1.55	0.0474266	0.0178973
diffcs	-0.55	1.55	0.0624627	0.0172806
diffcs	-0.45	1.55	0.0813944	0.0187069
diffcs	-0.35	1.55	0.0879339	0.0171294
diffcs	-0.25	1.55	0.113176	0.0192234
diffcs	-0.15	1.55	0.127457	0.0192027
diffcs	-0.05	1.55	0.112763	0.0149744
diffcs	0.05	1.55	0.125024	0.0148825
diffcs	0.15	1.55	0.124335	0.0130844
diffcs	0.25	1.55	0.138142	0.0124874
diffcs	0.35	1.55	0.146634	0.0124033
diffcs	0.45	1.55	0.14901		0.0127288
diffcs	0.55	1.55	0.15906		0.0144774
diffcs	0.65	1.55	0.14511		0.0155302
diffcs	0.75	1.55	0.119812	0.0154213
diffcs	0.85	1.55	0.106081	0.0166989
diffcs	-0.85	1.65	0.0868022	0.0540592
diffcs	-0.75	1.65	0.0417467	0.0182433
diffcs	-0.65	1.65	0.0612048	0.0206204
diffcs	-0.55	1.65	0.0521334	0.0138719
diffcs	-0.45	1.65	0.0711741	0.0153939
diffcs	-0.35	1.65	0.0755655	0.0139088
diffcs	-0.25	1.65	0.0942348	0.0153133
diffcs	-0.15	1.65	0.111845	0.0161327
diffcs	-0.05	1.65	0.0893017	0.0119801
diffcs	0.05	1.65	0.0975941	0.0124919
diffcs	0.15	1.65	0.106018	0.0124723
diffcs	0.25	1.65	0.119397	0.0132459
diffcs	0.35	1.65	0.12442		0.013815
diffcs	0.45	1.65	0.139156	0.0156381
diffcs	0.55	1.65	0.144907	0.0171571
diffcs	0.65	1.65	0.144471	0.0189079
diffcs	0.75	1.65	0.137752	0.0204783
diffcs	0.85	1.65	0.103218	0.0184693
diffcs	-0.85	1.75	0.0210955	0.0290383
diffcs	-0.75	1.75	0.0245243	0.017525
diffcs	-0.65	1.75	0.0397415	0.0189978
diffcs	-0.55	1.75	0.0406851	0.0148576
diffcs	-0.45	1.75	0.0495674	0.0147143
diffcs	-0.35	1.75	0.0555724	0.0137993
diffcs	-0.25	1.75	0.0785866	0.0165314
diffcs	-0.15	1.75	0.0848907	0.0154542
diffcs	-0.05	1.75	0.0717004	0.0111166
diffcs	0.05	1.75	0.0843122	0.0113704
diffcs	0.15	1.75	0.0879282	0.00975061
diffcs	0.25	1.75	0.103379	0.00942913
diffcs	0.35	1.75	0.109064	0.00901049
diffcs	0.45	1.75	0.127619	0.0109428
diffcs	0.55	1.75	0.142285	0.0140982
diffcs	0.65	1.75	0.145752	0.0176533
diffcs	0.75	1.75	0.142865	0.0212564
diffcs	0.85	1.75	0.121576	0.0226915
diffcs	-0.85	1.85	0.0386037	0.055388
diffcs	-0.75	1.85	0.0692868	0.0380412
diffcs	-0.65	1.85	0.0359437	0.0156243
diffcs	-0.55	1.85	0.0309801	0.0108396
diffcs	-0.45	1.85	0.0324264	0.00933872
diffcs	-0.35	1.85	0.0428068	0.00934696
diffcs	-0.25	1.85	0.0649354	0.0118932
diffcs	-0.15	1.85	0.0622872	0.00983122
diffcs	-0.05	1.85	0.0566779	0.00791915
diffcs	0.05	1.85	0.0675457	0.00835296
diffcs	0.15	1.85	0.0712452	0.00759085
diffcs	0.25	1.85	0.0841064	0.00804902
diffcs	0.35	1.85	0.105959	0.00940189
diffcs	0.45	1.85	0.125288	0.0114428
diffcs	0.55	1.85	0.14095		0.0144715
diffcs	0.65	1.85	0.153239	0.0180636
diffcs	0.75	1.85	0.156741	0.0217563
diffcs	0.85	1.85	0.129002	0.02189
diffcs	-0.75	1.95	0.0644079	0.0373268
diffcs	-0.65	1.95	0.0339037	0.0186318
diffcs	-0.55	1.95	0.0250394	0.0101288
diffcs	-0.45	1.95	0.0215367	0.00703428
diffcs	-0.35	1.95	0.033925	0.00831355
diffcs	-0.25	1.95	0.0405563	0.00867423
diffcs	-0.15	1.95	0.0410166	0.00747159
diffcs	-0.05	1.95	0.0393009	0.00626598
diffcs	0.05	1.95	0.0511989	0.00725478
diffcs	0.15	1.95	0.0591732	0.00707694
diffcs	0.25	1.95	0.0731201	0.00744703
diffcs	0.35	1.95	0.0877116	0.00837246
diffcs	0.45	1.95	0.109592	0.0104473
diffcs	0.55	1.95	0.125655	0.0128353
diffcs	0.65	1.95	0.145107	0.0163772
diffcs	0.75	1.95	0.144493	0.0192796
diffcs	0.85	1.95	0.137101	0.0224025
diffcs	-0.75	2.05	0.0435244	0.0259308
diffcs	-0.65	2.05	0.0626768	0.0305959
diffcs	-0.55	2.05	0.0193138	0.00790392
diffcs	-0.45	2.05	0.0258051	0.00799954
diffcs	-0.35	2.05	0.0320821	0.00753312
diffcs	-0.25	2.05	0.0386724	0.00756958
diffcs	-0.15	2.05	0.0413492	0.00649734
diffcs	-0.05	2.05	0.037732	0.00518764
diffcs	0.05	2.05	0.0594254	0.00687508
diffcs	0.15	2.05	0.0543622	0.00539209
diffcs	0.25	2.05	0.0755502	0.00679297
diffcs	0.35	2.05	0.0864129	0.0081448
diffcs	0.45	2.05	0.111881	0.0118193
diffcs	0.55	2.05	0.143893	0.0167829
diffcs	0.65	2.05	0.160466	0.0217412
diffcs	0.75	2.05	0.167353	0.026629
diffcs	0.85	2.05	0.178865	0.0341478
diffcs	-0.75	2.15	0.0483024	0.0339371
diffcs	-0.65	2.15	0.0534127	0.0286266
diffcs	-0.55	2.15	0.0301693	0.0128446
diffcs	-0.45	2.15	0.0236708	0.008278
diffcs	-0.35	2.15	0.0236216	0.00672321
diffcs	-0.25	2.15	0.029613	0.00661349
diffcs	-0.15	2.15	0.0281844	0.00500148
diffcs	-0.05	2.15	0.0372918	0.0053876
diffcs	0.05	2.15	0.045754	0.00569717
diffcs	0.15	2.15	0.0509504	0.00511538
diffcs	0.25	2.15	0.0717278	0.00652484
diffcs	0.35	2.15	0.084771	0.00802911
diffcs	0.45	2.15	0.106612	0.0113289
diffcs	0.55	2.15	0.140556	0.0164447
diffcs	0.65	2.15	0.158572	0.0214944
diffcs	0.75	2.15	0.172791	0.0274751
diffcs	0.85	2.15	0.174895	0.0337631
diffcs	-0.75	2.25	0.154119	0.149759
diffcs	-0.65	2.25	0.0685164	0.0411559
diffcs	-0.55	2.25	0.0298549	0.0183902
diffcs	-0.45	2.25	0.0234136	0.00954245
diffcs	-0.35	2.25	0.0136031	0.00478703
diffcs	-0.25	2.25	0.0240036	0.00601475
diffcs	-0.15	2.25	0.0225623	0.00440881
diffcs	-0.05	2.25	0.0278308	0.00455026
diffcs	0.05	2.25	0.0343413	0.00471619
diffcs	0.15	2.25	0.0394459	0.00424049
diffcs	0.25	2.25	0.0579774	0.00555546
diffcs	0.35	2.25	0.0725762	0.00706556
diffcs	0.45	2.25	0.0957815	0.0103032
diffcs	0.55	2.25	0.12319		0.014601
diffcs	0.65	2.25	0.150073	0.0204487
diffcs	0.75	2.25	0.172328	0.0272572
diffcs	0.85	2.25	0.176672	0.0343023
diffcs	-0.75	2.35	0.0702537	0.071843
diffcs	-0.65	2.35	0.05483		0.0493617
diffcs	-0.55	2.35	0.0326627	0.0202351
diffcs	-0.45	2.35	0.0256952	0.0123821
diffcs	-0.35	2.35	0.0152076	0.00562197
diffcs	-0.25	2.35	0.0202832	0.00576843
diffcs	-0.15	2.35	0.01565		0.00354265
diffcs	-0.05	2.35	0.0204847	0.00381528
diffcs	0.05	2.35	0.0316634	0.00447413
diffcs	0.15	2.35	0.0346052	0.00387222
diffcs	0.25	2.35	0.0509461	0.00508541
diffcs	0.35	2.35	0.0600127	0.006091
diffcs	0.45	2.35	0.0829067	0.00915257
diffcs	0.55	2.35	0.113248	0.0136093
diffcs	0.65	2.35	0.13827		0.0190486
diffcs	0.75	2.35	0.16361		0.0261649
diffcs	0.85	2.35	0.168978	0.0330705
diffcs	-0.65	2.45	0.114562	0.142597
diffcs	-0.55	2.45	0.0962466	0.0983632
diffcs	-0.45	2.45	0.041202	0.0225924
diffcs	-0.35	2.45	0.0311364	0.0127916
diffcs	-0.25	2.45	0.0188804	0.00591775
diffcs	-0.15	2.45	0.0172301	0.00421304
diffcs	-0.05	2.45	0.0232729	0.00455777
diffcs	0.05	2.45	0.0317826	0.0047103
diffcs	0.15	2.45	0.0345038	0.00408137
diffcs	0.25	2.45	0.0510424	0.0053138
diffcs	0.35	2.45	0.0663469	0.00682103
diffcs	0.45	2.45	0.0908288	0.0100849
diffcs	0.55	2.45	0.126419	0.0152504
diffcs	0.65	2.45	0.150951	0.0208943
diffcs	0.75	2.45	0.184243	0.0294284
diffcs	0.85	2.45	0.231709	0.0446856
diffcs	-0.55	2.55	0.0114213	0.0130356
diffcs	-0.45	2.55	0.0437445	0.0313749
diffcs	-0.35	2.55	0.0224856	0.0103355
diffcs	-0.25	2.55	0.0215421	0.00727381
diffcs	-0.15	2.55	0.0176067	0.00452823
diffcs	-0.05	2.55	0.0183243	0.00414947
diffcs	0.05	2.55	0.0221881	0.00372515
diffcs	0.15	2.55	0.0301137	0.00375706
diffcs	0.25	2.55	0.0460041	0.00487176
diffcs	0.35	2.55	0.0578945	0.00572004
diffcs	0.45	2.55	0.0727142	0.00693327
diffcs	0.55	2.55	0.116889	0.0117629
diffcs	0.65	2.55	0.139055	0.0156763
diffcs	0.75	2.55	0.176689	0.022804
diffcs	0.85	2.55	0.226861	0.0354538
diffcs	-0.55	2.65	0.00983355	0.0148868
diffcs	-0.45	2.65	0.0425233	0.0365226
diffcs	-0.35	2.65	0.0272349	0.0160325
diffcs	-0.25	2.65	0.0348519	0.0143854
diffcs	-0.15	2.65	0.0142245	0.00434281
diffcs	-0.05	2.65	0.021036	0.00497953
diffcs	0.05	2.65	0.0242722	0.00424734
diffcs	0.15	2.65	0.0293342	0.00395896
diffcs	0.25	2.65	0.0388795	0.00454203
diffcs	0.35	2.65	0.0525958	0.00549882
diffcs	0.45	2.65	0.072886	0.00715145
diffcs	0.55	2.65	0.113003	0.0116989
diffcs	0.65	2.65	0.135259	0.0155063
diffcs	0.75	2.65	0.177676	0.0233388
diffcs	0.85	2.65	0.212749	0.0340213
diffcs	-0.55	2.75	0.0350141	0.0430256
diffcs	-0.45	2.75	0.0267075	0.020962
diffcs	-0.35	2.75	0.0391088	0.0286923
diffcs	-0.25	2.75	0.0145838	0.00761951
diffcs	-0.15	2.75	0.020227	0.00715265
diffcs	-0.05	2.75	0.0142434	0.00415148
diffcs	0.05	2.75	0.0139405	0.0029617
diffcs	0.15	2.75	0.0171642	0.00274872
diffcs	0.25	2.75	0.0305756	0.00392061
diffcs	0.35	2.75	0.0409156	0.00460953
diffcs	0.45	2.75	0.0576158	0.00602462
diffcs	0.55	2.75	0.0825406	0.00905727
diffcs	0.65	2.75	0.113951	0.0134883
diffcs	0.75	2.75	0.152204	0.0204377
diffcs	0.85	2.75	0.195084	0.0319542
diffcs	-0.55	2.85	0.0331583	0.0407835
diffcs	-0.45	2.85	0.0317186	0.0393854
diffcs	-0.35	2.85	0.0385983	0.0474683
diffcs	-0.25	2.85	0.0619605	0.0439218
diffcs	-0.15	2.85	0.0267404	0.0121247
diffcs	-0.05	2.85	0.0163344	0.00524802
diffcs	0.05	2.85	0.018589	0.00407919
diffcs	0.15	2.85	0.020908	0.00350696
diffcs	0.25	2.85	0.029356	0.0041172
diffcs	0.35	2.85	0.0381978	0.00464732
diffcs	0.45	2.85	0.0608298	0.0067105
diffcs	0.55	2.85	0.0906938	0.0102781
diffcs	0.65	2.85	0.11294		0.0138288
diffcs	0.75	2.85	0.158663	0.0219803
diffcs	0.85	2.85	0.224634	0.0374624
diffcs	-0.35	2.95	0.0644805	0.0751103
diffcs	-0.25	2.95	0.0588372	0.0422685
diffcs	-0.15	2.95	0.0438586	0.0215566
diffcs	-0.05	2.95	0.0225569	0.00739286
diffcs	0.05	2.95	0.0175669	0.00426481
diffcs	0.15	2.95	0.0179417	0.00347007
diffcs	0.25	2.95	0.0306579	0.00456361
diffcs	0.35	2.95	0.0381687	0.00492783
diffcs	0.45	2.95	0.054292	0.00629367
diffcs	0.55	2.95	0.0856271	0.0100643
diffcs	0.65	2.95	0.1177		0.0149059
diffcs	0.75	2.95	0.179342	0.0253672
diffcs	0.85	2.95	0.226479	0.038833
diffcs	-0.25	3.05	0.039144	0.0473001
diffcs	-0.15	3.05	0.0244935	0.0144472
diffcs	-0.05	3.05	0.0157431	0.00686494
diffcs	0.05	3.05	0.0165831	0.00470911
diffcs	0.15	3.05	0.0191841	0.00398954
diffcs	0.25	3.05	0.024995	0.00404736
diffcs	0.35	3.05	0.0329888	0.00444981
diffcs	0.45	3.05	0.0459506	0.00561185
diffcs	0.55	3.05	0.0759343	0.00929529
diffcs	0.65	3.05	0.115454	0.0152676
diffcs	0.75	3.05	0.161089	0.0241285
diffcs	0.85	3.05	0.228667	0.0415998
diffcs	-0.35	3.15	0.0140196	0.0186679
diffcs	-0.25	3.15	0.0280008	0.0343542
diffcs	-0.15	3.15	0.0164668	0.00865895
diffcs	-0.05	3.15	0.0213108	0.00983261
diffcs	0.05	3.15	0.0143195	0.00430218
diffcs	0.15	3.15	0.0137233	0.00314726
diffcs	0.25	3.15	0.0196006	0.00351546
diffcs	0.35	3.15	0.0334434	0.00468692
diffcs	0.45	3.15	0.0442635	0.00558126
diffcs	0.55	3.15	0.0717499	0.00927356
diffcs	0.65	3.15	0.105335	0.0143665
diffcs	0.75	3.15	0.163303	0.0251576
diffcs	0.85	3.15	0.248342	0.0464693
diffcs	-0.25	3.25	0.0164475	0.0168728
diffcs	-0.15	3.25	0.0184379	0.0109193
diffcs	-0.05	3.25	0.0224679	0.0139773
diffcs	0.05	3.25	0.0123363	0.00402966
diffcs	0.15	3.25	0.013722	0.0033073
diffcs	0.25	3.25	0.0130671	0.00262886
diffcs	0.35	3.25	0.0248334	0.00373578
diffcs	0.45	3.25	0.0367654	0.00496565
diffcs	0.55	3.25	0.0696472	0.00914846
diffcs	0.65	3.25	0.100048	0.0139473
diffcs	0.75	3.25	0.156249	0.0243415
diffcs	0.85	3.25	0.228975	0.0437264
diffcs	-0.25	3.35	0.00972898	0.00967851
diffcs	-0.15	3.35	0.00460578	0.00404534
diffcs	-0.05	3.35	0.0124642	0.00593675
diffcs	0.05	3.35	0.00831648	0.0031926
diffcs	0.15	3.35	0.00848996	0.00230654
diffcs	0.25	3.35	0.0111429	0.00250445
diffcs	0.35	3.35	0.0146082	0.00256071
diffcs	0.45	3.35	0.0261304	0.00387057
diffcs	0.55	3.35	0.0432795	0.00616044
diffcs	0.65	3.35	0.0668599	0.0098967
diffcs	0.75	3.35	0.120631	0.0194618
diffcs	0.85	3.35	0.177485	0.0350267
diffcs	-0.15	3.45	0.0141602	0.0137749
diffcs	-0.05	3.45	0.0219491	0.012294
diffcs	0.05	3.45	0.00716181	0.00304794
diffcs	0.15	3.45	0.00504728	0.00166096
diffcs	0.25	3.45	0.0121983	0.0027395
diffcs	0.35	3.45	0.0174232	0.00306397
diffcs	0.45	3.45	0.0258546	0.00389981
diffcs	0.55	3.45	0.049654	0.00711618
diffcs	0.65	3.45	0.0831785	0.0121193
diffcs	0.75	3.45	0.14005		0.0225483
diffcs	0.85	3.45	0.237579	0.0473032
diffcs	-0.05	3.55	0.0155502	0.00948333
diffcs	0.05	3.55	0.00491455	0.00218318
diffcs	0.15	3.55	0.00706361	0.00211253
diffcs	0.25	3.55	0.00972421	0.00233415
diffcs	0.35	3.55	0.0154391	0.0027732
diffcs	0.45	3.55	0.0226859	0.00357954
diffcs	0.55	3.55	0.0400319	0.00591482
diffcs	0.65	3.55	0.0725091	0.0108403
diffcs	0.75	3.55	0.130385	0.0214773
diffcs	0.85	3.55	0.212084	0.0427695
                                           
                                                                  
# Data from CLAS collaboration.                                     
# Communicated by Sergio Anefalos Pereira from INFN, Frascati, Italy
# arXiv: 0912.4833[nucl-ex]  
