# KOHRI 06 PRL 97,082003
# Photon beam asymmetry for GAMMA N --> K+ SIGMA-.

# x = COS(THETA(P=3,RF=CM))
# y = E(P=1) IN GEV
# z = POL


$vars: costhkcm & wlab (GeV) & S


# x   y     z  +- dz
# ------------------- 
.65 1.550 1.174 0.189
.65 1.650 1.014 0.212
.65 1.750 1.300 0.219
.65 1.850 0.804 0.114
.65 1.950 0.910 0.093
.65 2.050 0.826 0.077
.65 2.150 0.953 0.080
.65 2.250 0.986 0.073
.65 2.350 0.912 0.079
.75 1.550 0.561 0.137
.75 1.650 1.116 0.140
.75 1.750 0.837 0.114
.75 1.850 1.008 0.097
.75 1.950 0.901 0.073
.75 2.050 0.863 0.055
.75 2.150 0.805 0.051
.75 2.250 0.860 0.052
.75 2.350 0.848 0.069
.85 1.550 0.655 0.126
.85 1.650 0.744 0.128
.85 1.750 0.974 0.115
.85 1.850 0.804 0.074
.85 1.950 0.810 0.069
.85 2.050 0.812 0.060
.85 2.150 0.834 0.049
.85 2.250 0.839 0.049
.85 2.350 0.833 0.055
.95 1.550 0.282 0.095
.95 1.650 0.616 0.125
.95 1.750 0.487 0.086
.95 1.850 0.516 0.075
.95 1.950 0.481 0.053
.95 2.050 0.563 0.049
.95 2.150 0.557 0.043
.95 2.250 0.565 0.041
.95 2.350 0.672 0.049
