$vars: / & costhkcm & wlab (GeV) & P & /


P	-0.833333333333	1.1	0.2439	0.2991	0.0
P	-0.5	1.1	0.1095	0.3278	0.0
P	-0.166666666667	1.1	0.2448	0.2636	0.0
P	0.166666666667	1.1	0.4609	0.2211	0.0
P	0.5	1.1	0.0844	0.2313	0.0
P	0.833333333333	1.1	-0.4399	0.4293	0.0
P	-0.833333333333	1.125	-0.0132	0.2665	0.0
P	-0.5	1.125	-0.1495	0.2362	0.0
P	-0.166666666667	1.125	0.4309	0.2068	0.0
P	0.166666666667	1.125	0.3488	0.19	0.0
P	0.5	1.125	0.1329	0.2248	0.0
P	0.833333333333	1.125	-0.026	0.3287	0.0
P	-0.833333333333	1.15	-0.1854	0.2635	0.0
P	-0.5	1.15	0.2483	0.2002	0.0
P	-0.166666666667	1.15	0.5415	0.206	0.0
P	0.166666666667	1.15	0.3725	0.1874	0.0
P	0.5	1.15	0.1846	0.2517	0.0
P	0.833333333333	1.15	-0.0571	0.2848	0.0
P	-0.833333333333	1.175	-0.017	0.236	0.0
P	-0.5	1.175	0.1668	0.1942	0.0
P	-0.166666666667	1.175	0.5692	0.2112	0.0
P	0.166666666667	1.175	0.78	0.247	0.0
P	0.5	1.175	0.2096	0.2651	0.0
P	0.833333333333	1.175	-0.2124	0.2766	0.0
P	-0.833333333333	1.2	0.3586	0.2177	0.0
P	-0.5	1.2	0.3611	0.2059	0.0
P	-0.166666666667	1.2	0.3818	0.1908	0.0
P	0.166666666667	1.2	0.8578	0.2185	0.0
P	0.5	1.2	0.468	0.231	0.0
P	0.833333333333	1.2	0.223	0.262	0.0
P	-0.833333333333	1.225	0.1808	0.2121	0.0
P	-0.5	1.225	0.3799	0.1852	0.0
P	-0.166666666667	1.225	0.5125	0.1674	0.0
P	0.166666666667	1.225	0.7181	0.1905	0.0
P	0.5	1.225	0.7452	0.2383	0.0
P	0.833333333333	1.225	0.1841	0.2495	0.0
P	-0.875	1.25	0.192	0.2118	0.0
P	-0.625	1.25	-0.0192	0.1679	0.0
P	-0.375	1.25	0.6057	0.1762	0.0
P	-0.125	1.25	0.7833	0.1722	0.0
P	0.125	1.25	0.8951	0.2117	0.0
P	0.375	1.25	0.6161	0.2257	0.0
P	0.625	1.25	0.707	0.3191	0.0
P	0.875	1.25	0.1336	0.293	0.0
P	-0.875	1.275	-0.0496	0.194	0.0
P	-0.625	1.275	0.0229	0.155	0.0
P	-0.375	1.275	0.5964	0.1666	0.0
P	-0.125	1.275	0.5937	0.1504	0.0
P	0.125	1.275	0.6044	0.1863	0.0
P	0.375	1.275	0.6365	0.2262	0.0
P	0.625	1.275	0.5986	0.2437	0.0
P	0.875	1.275	0.3932	0.2639	0.0
P	-0.875	1.3	-0.1154	0.1629	0.0
P	-0.625	1.3	0.289	0.1664	0.0
P	-0.375	1.3	0.5941	0.1666	0.0
P	-0.125	1.3	0.3986	0.1435	0.0
P	0.125	1.3	0.3347	0.1581	0.0
P	0.375	1.3	0.5929	0.2066	0.0
P	0.625	1.3	0.5854	0.2317	0.0
P	0.875	1.3	0.617	0.2144	0.0
P	-0.875	1.325	0.1988	0.1725	0.0
P	-0.625	1.325	0.1353	0.1471	0.0
P	-0.375	1.325	0.4193	0.1573	0.0
P	-0.125	1.325	0.4689	0.1485	0.0
P	0.125	1.325	0.3177	0.1727	0.0
P	0.375	1.325	0.6599	0.1917	0.0
P	0.625	1.325	0.2041	0.1946	0.0
P	0.875	1.325	0.1503	0.1933	0.0
P	-0.875	1.35	0.3453	0.1956	0.0
P	-0.625	1.35	0.1004	0.1256	0.0
P	-0.375	1.35	0.4747	0.1319	0.0
P	-0.125	1.35	0.6453	0.1674	0.0
P	0.125	1.35	0.4412	0.1735	0.0
P	0.375	1.35	0.5045	0.1783	0.0
P	0.625	1.35	-0.3078	0.1959	0.0
P	0.875	1.35	-0.1445	0.1783	0.0
P	-0.875	1.375	0.2743	0.1857	0.0
P	-0.625	1.375	0.3831	0.1292	0.0
P	-0.375	1.375	0.486	0.1217	0.0
P	-0.125	1.375	0.5529	0.1492	0.0
P	0.125	1.375	0.4138	0.1467	0.0
P	0.375	1.375	0.3726	0.1672	0.0
P	0.625	1.375	0.0861	0.1805	0.0
P	0.875	1.375	0.0066	0.1644	0.0
P	-0.875	1.4	0.184	0.2594	0.0
P	-0.625	1.4	0.452	0.2092	0.0
P	-0.375	1.4	0.4842	0.1984	0.0
P	-0.125	1.4	0.5645	0.1839	0.0
P	0.125	1.4	0.2927	0.1772	0.0
P	0.375	1.4	0.5783	0.2676	0.0
P	0.625	1.4	0.6393	0.2518	0.0
P	0.875	1.4	0.07	0.2546	0.0
P	-0.875	1.425	0.2728	0.2892	0.0
P	-0.625	1.425	0.4359	0.2428	0.0
P	-0.375	1.425	0.5065	0.2264	0.0
P	-0.125	1.425	1.0177	0.2558	0.0
P	0.125	1.425	0.6012	0.2461	0.0
P	0.375	1.425	0.5879	0.3165	0.0
P	0.625	1.425	0.5573	0.2996	0.0
P	0.875	1.425	0.49	0.3254	0.0


# Results obtained at MAMI-C, send by S.Prakhov
