$vars: / & costhkcm & wlab (GeV) & diffcs -sysErr


diffcs	-0.833333333333	1.1	0.0104	0.0015	0.00302870533397
diffcs	-0.5	1.1	0.0095	0.0015	0.00302397089933
diffcs	-0.166666666667	1.1	0.0109	0.0014	0.00303151711194
diffcs	0.166666666667	1.1	0.0132	0.0015	0.00304610965003
diffcs	0.5	1.1	0.013	0.0015	0.00304473315744
diffcs	0.833333333333	1.1	0.0076	0.0016	0.00301536332803
diffcs	-0.833333333333	1.125	0.0133	0.0018	0.00304680554023
diffcs	-0.5	1.125	0.0154	0.0019	0.00306258975379
diffcs	-0.166666666667	1.125	0.0174	0.0017	0.00307967790524
diffcs	0.166666666667	1.125	0.018	0.0017	0.00308519043172
diffcs	0.5	1.125	0.0158	0.0017	0.00306584800667
diffcs	0.833333333333	1.125	0.0118	0.002	0.00303690368632
diffcs	-0.833333333333	1.15	0.0149	0.0019	0.00305862975857
diffcs	-0.5	1.15	0.0191	0.0019	0.00309575451223
diffcs	-0.166666666667	1.15	0.0188	0.0018	0.00309281489908
diffcs	0.166666666667	1.15	0.019	0.0019	0.00309476978142
diffcs	0.5	1.15	0.0153	0.0019	0.00306178771309
diffcs	0.833333333333	1.15	0.0164	0.0023	0.0030708852144
diffcs	-0.833333333333	1.175	0.0188	0.0022	0.00309281489908
diffcs	-0.5	1.175	0.0208	0.002	0.00311323368863
diffcs	-0.166666666667	1.175	0.0191	0.0019	0.00309575451223
diffcs	0.166666666667	1.175	0.017	0.002	0.00307610142876
diffcs	0.5	1.175	0.0166	0.0023	0.00307260410727
diffcs	0.833333333333	1.175	0.0191	0.0026	0.00309575451223
diffcs	-0.833333333333	1.2	0.0212	0.0022	0.00311754775425
diffcs	-0.5	1.2	0.0224	0.0023	0.0031309449053
diffcs	-0.166666666667	1.2	0.0219	0.002	0.00312528014744
diffcs	0.166666666667	1.2	0.0215	0.0022	0.00312083322207
diffcs	0.5	1.2	0.0222	0.0025	0.00312866489097
diffcs	0.833333333333	1.2	0.0245	0.0028	0.0031560101394
diffcs	-0.833333333333	1.225	0.0221	0.0023	0.00312753193429
diffcs	-0.5	1.225	0.026	0.0023	0.00317515353959
diffcs	-0.166666666667	1.225	0.0296	0.0023	0.00322519084707
diffcs	0.166666666667	1.225	0.0265	0.0023	0.00318176051896
diffcs	0.5	1.225	0.0246	0.0027	0.00315725450352
diffcs	0.833333333333	1.225	0.0265	0.0031	0.00318176051896
diffcs	-0.875	1.25	0.0288	0.003	0.00321358117993
diffcs	-0.625	1.25	0.0331	0.0027	0.00327917306649
diffcs	-0.375	1.25	0.0331	0.0027	0.00327917306649
diffcs	-0.125	1.25	0.0366	0.003	0.00333815757567
diffcs	0.125	1.25	0.0321	0.0029	0.00326322784984
diffcs	0.375	1.25	0.0303	0.0033	0.00323557475574
diffcs	0.625	1.25	0.0234	0.0035	0.00314262565381
diffcs	0.875	1.25	0.0279	0.004	0.00320085238647
diffcs	-0.875	1.275	0.0329	0.0032	0.00327595115959
diffcs	-0.625	1.275	0.0376	0.0029	0.00335589272773
diffcs	-0.375	1.275	0.0385	0.003	0.0033721803036
diffcs	-0.125	1.275	0.0424	0.0031	0.00344621763677
diffcs	0.125	1.275	0.0357	0.0031	0.00332252674933
diffcs	0.375	1.275	0.0309	0.0035	0.00324464112037
diffcs	0.625	1.275	0.0327	0.0038	0.00327274563631
diffcs	0.875	1.275	0.0348	0.0043	0.00330721393321
diffcs	-0.875	1.3	0.0396	0.0032	0.00339249996315
diffcs	-0.625	1.3	0.0369	0.003	0.00334343775178
diffcs	-0.375	1.3	0.0403	0.0033	0.00340566351832
diffcs	-0.125	1.3	0.046	0.0032	0.00351931811577
diffcs	0.125	1.3	0.0444	0.0034	0.00348628398155
diffcs	0.375	1.3	0.0366	0.0036	0.00333815757567
diffcs	0.625	1.3	0.0373	0.004	0.00335053189807
diffcs	0.875	1.3	0.0451	0.0046	0.0035006308003
diffcs	-0.875	1.325	0.0396	0.0034	0.00339249996315
diffcs	-0.625	1.325	0.0437	0.0033	0.00347210368509
diffcs	-0.375	1.325	0.0441	0.0033	0.00348018620192
diffcs	-0.125	1.325	0.0494	0.0035	0.00359229397461
diffcs	0.125	1.325	0.0457	0.0038	0.00351305906583
diffcs	0.375	1.325	0.0476	0.0042	0.00355319799617
diffcs	0.625	1.325	0.0472	0.0046	0.00354465005325
diffcs	0.875	1.325	0.0524	0.0051	0.00365967430245
diffcs	-0.875	1.35	0.0361	0.0035	0.00332943478687
diffcs	-0.625	1.35	0.0546	0.0035	0.00371077566016
diffcs	-0.375	1.35	0.0557	0.0035	0.003736841447
diffcs	-0.125	1.35	0.0475	0.0037	0.00355105618091
diffcs	0.125	1.35	0.046	0.0038	0.00351931811577
diffcs	0.375	1.35	0.0528	0.0045	0.00366886140376
diffcs	0.625	1.35	0.05	0.0047	0.00360555127546
diffcs	0.875	1.35	0.0606	0.0054	0.00385691275504
diffcs	-0.875	1.375	0.0371	0.0034	0.00334697714363
diffcs	-0.625	1.375	0.0532	0.0033	0.00367809515918
diffcs	-0.375	1.375	0.0596	0.0035	0.00383189978992
diffcs	-0.125	1.375	0.0528	0.0038	0.00366886140376
diffcs	0.125	1.375	0.0553	0.0039	0.00372732397304
diffcs	0.375	1.375	0.054	0.0044	0.00369670123218
diffcs	0.625	1.375	0.0531	0.0047	0.0036757823657
diffcs	0.875	1.375	0.065	0.0054	0.00396988664826
diffcs	-0.875	1.4	0.0403	0.0051	0.00340566351832
diffcs	-0.625	1.4	0.0499	0.005	0.00360333401172
diffcs	-0.375	1.4	0.0557	0.0052	0.003736841447
diffcs	-0.125	1.4	0.0649	0.0057	0.00396726807766
diffcs	0.125	1.4	0.0679	0.0065	0.00404680812493
diffcs	0.375	1.4	0.056	0.007	0.003744008547
diffcs	0.625	1.4	0.0602	0.0071	0.00384687717506
diffcs	0.875	1.4	0.0656	0.0081	0.00398564624622
diffcs	-0.875	1.425	0.0395	0.0056	0.00339063415897
diffcs	-0.625	1.425	0.048	0.0057	0.00356179729912
diffcs	-0.375	1.425	0.0547	0.006	0.00371313129313
diffcs	-0.125	1.425	0.0582	0.0066	0.00379731273403
diffcs	0.125	1.425	0.062	0.0073	0.00389235147437
diffcs	0.375	1.425	0.0581	0.0086	0.00379486178931
diffcs	0.625	1.425	0.0587	0.0083	0.00380960680386
diffcs	0.875	1.425	0.0637	0.0094	0.00393602642268


# Results obtained at MAMI-C, send by S.Prakhov
