#	:::::::::::::::::::::::::::::::::::::::::::::::
#		SAPHIR   data (1999)	(K^0-Sigma^+)
#	:::::::::::::::::::::::::::::::::::::::::::::::

# S. Goers et al. Phys. Lett. B 464, 331 (1999)


$vars: wlab_min (GeV) & wlab_max (GeV) & costhkcm_min & costhkcm_max & diffcs


# E_gamma (GeV)		cos(theta)		ds/dw (myb/sr)
# -------------		----------		--------------
1.050   1.150		-1.0   -0.8		0.040     0.015
1.050   1.150	 	-0.8   -0.6   		0.016     0.009
1.050   1.150		-0.6   -0.4   		0.009     0.015
1.050   1.150		-0.4   -0.2   		0.011     0.012
1.050   1.150		-0.2    0.0   		0.010     0.006 
1.050   1.150		 0.0    0.2   		0.006     0.005 
1.050   1.150		 0.2    0.4   		0.007     0.006 
1.050   1.150		 0.4    0.6  		0.013     0.006 
1.050   1.150		 0.6    0.8   		0.022     0.009 
1.050   1.150	 	 0.8    1.0   		0.028     0.011 	
1.150   1.250		-1.0   -0.8  		0.054     0.019 
1.150   1.250		-0.8   -0.6 		0.046     0.014 
1.150   1.250		-0.6   -0.4		0.033     0.023 
1.150   1.250		-0.4   -0.2		0.032     0.020 
1.150   1.250		-0.2    0.0 		0.033     0.013 
1.150   1.250		 0.0    0.2		0.035     0.011
1.150   1.250		 0.2    0.4   		0.013     0.016
1.150   1.250		 0.4    0.6  		0.021     0.008 
1.150   1.250		 0.6    0.8   		0.035     0.016 
1.150   1.250		 0.8    1.0   		0.054     0.010 
1.250   1.350		-1.0   -0.8   		0.038     0.025 
1.250   1.350		-0.8   -0.6   		0.066     0.015	
1.250   1.350		-0.6   -0.4   		0.034     0.011
1.250   1.350		-0.4   -0.2   		0.038     0.016
1.250   1.350		-0.2    0.0    		0.057     0.017 
1.250   1.350		 0.0    0.2    		0.038     0.011 
1.250   1.350		 0.2    0.4    		0.033     0.010 
1.250   1.350		 0.4    0.6    		0.028     0.010 
1.250   1.350		 0.6    0.8    		0.039     0.020 
1.250   1.350		 0.8    1.0    		0.081     0.012
1.350   1.450		-1.0   -0.8   		0.012     0.013
1.350   1.450		-0.8   -0.6   		0.022     0.014
1.350   1.450		-0.6   -0.4   		0.032     0.016
1.350   1.450		-0.4   -0.2   		0.062     0.016
1.350   1.450		-0.2    0.0   		0.057     0.020 
1.350   1.450		 0.0    0.2   		0.062     0.010 
1.350   1.450		 0.2    0.4   		0.052     0.010 
1.350   1.450		 0.4    0.6   		0.059     0.009 
1.350   1.450		 0.6    0.8   		0.054     0.009 
1.350   1.450		 0.8    1.0   		0.053     0.027 
1.450   1.550		-1.0   -0.8   		0.007     0.016
1.450   1.550		-0.8   -0.6   		0.022     0.024
1.450   1.550		-0.6   -0.4   		0.038     0.014
1.450   1.550		-0.4   -0.2   		0.024     0.015
1.450   1.550		-0.2    0.0   		0.047     0.011
1.450   1.550		 0.0    0.2   		0.062     0.013
1.450   1.550		 0.2    0.4   		0.038     0.012
1.450   1.550		 0.4    0.6   		0.065     0.010
1.450   1.550		 0.6    0.8   		0.074     0.016
1.450   1.550		 0.8    1.0   		0.060     0.024
1.550   1.650		-1.0   -0.8   		0.006     0.013
1.550   1.650		-0.8   -0.6   		0.007     0.012
1.550   1.650		-0.6   -0.4   		0.017     0.011
1.550   1.650		-0.4   -0.2   		0.024     0.011
1.550   1.650		-0.2    0.0   		0.055     0.012
1.550   1.650		 0.0    0.2   		0.040     0.009
1.550   1.650		 0.2    0.4   		0.057     0.010
1.550   1.650		 0.4    0.6   		0.051     0.009
1.550   1.650		 0.6    0.8   		0.080     0.012
1.550   1.650		 0.8    1.0   		0.080     0.017
1.650   1.750		-1.0   -0.8   		0.010     0.013
1.650   1.750		-0.8   -0.6   		0.010     0.013
1.650   1.750		-0.6   -0.4   		0.015     0.011
1.650   1.750		-0.4   -0.2   		0.038     0.012
1.650   1.750		-0.2    0.0   		0.025     0.011
1.650   1.750		 0.0    0.2   		0.025     0.009
1.650   1.750		 0.2    0.4   		0.034     0.011
1.650   1.750		 0.4    0.6   		0.045     0.016
1.650   1.750		 0.6    0.8   		0.057     0.011
1.650   1.750		 0.8    1.0   		0.079     0.021
1.750   1.850		-1.0   -0.8   		0.005     0.015
1.750   1.850		-0.8   -0.6   		0.006     0.013
1.750   1.850		-0.6   -0.4   		0.020     0.011
1.750   1.850		-0.4   -0.2   		0.011     0.023
1.750   1.850		-0.2    0.0   		0.021     0.017
1.750   1.850		 0.0    0.2   		0.039     0.009
1.750   1.850		 0.2    0.4   		0.037     0.010
1.750   1.850		 0.4    0.6   		0.056     0.016
1.750   1.850		 0.6    0.8   		0.040     0.011
1.750   1.850		 0.8    1.0   		0.034     0.016
1.850   2.050		-1.0   -0.8   		0.016     0.009
1.850   2.050		-0.8   -0.6   		0.007     0.007
1.850   2.050		-0.6   -0.4   		0.004     0.005
1.850   2.050		-0.4   -0.2  		0.002     0.010
1.850   2.050		-0.2    0.0   		0.012     0.005
1.850   2.050		 0.0    0.2   		0.022     0.005 
1.850   2.050		 0.2    0.4   		0.027     0.005 
1.850   2.050		 0.4    0.6   		0.034     0.008 
1.850   2.050		 0.6    0.8   		0.026     0.014 
1.850   2.050		 0.8    1.0   		0.009     0.008 
2.050   2.250		-1.0   -0.8   		0.010     0.014
2.050   2.250		-0.8   -0.6   		0.001     0.005
2.050   2.250		-0.6   -0.4   		0.000     0.005
2.050   2.250		-0.4   -0.2   		0.010     0.008
2.050   2.250		-0.2    0.0   		0.012     0.007
2.050   2.250		 0.0    0.2   		0.015     0.005 
2.050   2.250		 0.2    0.4   		0.011     0.006 
2.050   2.250		 0.4    0.6   		0.032     0.006 
2.050   2.250		 0.6    0.8   		0.023     0.016 
2.050   2.250		 0.8    1.0   		0.016     0.008 	
2.250   2.450		-1.0   -0.8   		0.005     0.012
2.250   2.450		-0.8   -0.6   		0.003     0.005
2.250   2.450		-0.6   -0.4   		0.001     0.006
2.250   2.450		-0.4   -0.2   		0.010     0.007
2.250   2.450		-0.2    0.0   		0.012     0.006
2.250   2.450		 0.0    0.2   		0.005     0.003 
2.250   2.450		 0.2    0.4   		0.010     0.004 
2.250   2.450		 0.4    0.6   		0.012     0.004 
2.250   2.450		 0.6    0.8   		0.007     0.005 
2.250   2.450		 0.8    1.0   		0.006     0.009 
2.450   2.600		-1.0   -0.8   		0.012     0.011
2.450   2.600		-0.8   -0.6   		0.002     0.007
2.450   2.600		-0.6   -0.4  	 	0.001     0.006
2.450   2.600		-0.4   -0.2   		0.000     0.006
2.450   2.600		-0.2    0.0   		0.006     0.005
2.450   2.600		 0.0    0.2   		0.006     0.005 
2.450   2.600		 0.2    0.4   		0.004     0.004 
2.450   2.600		 0.4    0.6   		0.010     0.005 
2.450   2.600		 0.6    0.8   		0.002     0.009 
2.450   2.600		 0.8    1.0   		0.004     0.010
