$vars: / & costhkcm & wlab (GeV) & diffcs -sysErr


diffcs	-0.83	1.1	0.0190	0.0100605	0.0016492
diffcs	-0.50	1.1	0.0130	0.0086788	0.0011167
diffcs	-0.17	1.1	0.0153	0.00899793	0.00133722
diffcs	0.17	1.1	0.0034	0.00639574	0.00031688
diffcs	0.50	1.1	0.0170	0.0089794	0.0016507
diffcs	0.83	1.1	0.0078	0.00625794	0.00076596
diffcs	-0.83	1.2	0.0373	0.0135026	0.00351739
diffcs	-0.50	1.2	0.0291	0.01447434	0.00268593
diffcs	-0.17	1.2	0.0335	0.0120265	0.0031691
diffcs	0.17	1.2	0.0142	0.00863786	0.00140012
diffcs	0.50	1.2	0.0195	0.00932685	0.0021333
diffcs	0.83	1.2	0.0205	0.0102746	0.0026199
diffcs	-0.83	1.3	0.0310	0.0108624	0.003379
diffcs	-0.50	1.3	0.0429	0.0107679	0.00453453
diffcs	-0.17	1.3	0.0439	0.01094427	0.00473681
diffcs	0.17	1.3	0.0391	0.00999005	0.00408595
diffcs	0.50	1.3	0.0314	0.00951106	0.00381196
diffcs	0.83	1.3	0.0361	0.01161698	0.00480491
diffcs	-0.83	1.4	0.0374	0.01076746	0.003553
diffcs	-0.50	1.4	0.0438	0.01096752	0.00406902
diffcs	-0.17	1.4	0.0576	0.01277568	0.00555264
diffcs	0.17	1.4	0.0519	0.01165155	0.0052419
diffcs	0.50	1.4	0.0398	0.01094898	0.00468446
diffcs	0.83	1.4	0.0235	0.00939765	0.0031396
diffcs	-0.83	1.5	0.0189	0.00815157	0.00191079
diffcs	-0.50	1.5	0.0277	0.00909114	0.0026869
diffcs	-0.17	1.5	0.0268	0.01095316	0.00251652
diffcs	0.17	1.5	0.0522	0.01290906	0.00532962
diffcs	0.50	1.5	0.0544	0.01333344	0.00652256
diffcs	0.83	1.5	0.0685	0.0152344	0.00918585
diffcs	-0.83	1.6	0.0102	0.00733992	0.00103938
diffcs	-0.50	1.6	0.0148	0.00766344	0.00149924
diffcs	-0.17	1.6	0.0376	0.01318256	0.00385024
diffcs	0.17	1.6	0.0348	0.01205472	0.00383148
diffcs	0.50	1.6	0.0505	0.0155136	0.00639835
diffcs	0.83	1.6	0.0845	0.0204828	0.0118638
diffcs	-0.83	1.7	0.0138	0.0079074	0.00145728
diffcs	-0.50	1.7	0.0135	0.0075249	0.0013392
diffcs	-0.17	1.7	0.0203	0.00967701	0.00206248
diffcs	0.17	1.7	0.0406	0.01295952	0.00456344
diffcs	0.50	1.7	0.0566	0.01624986	0.00745422
diffcs	0.83	1.7	0.0723	0.01789425	0.01015092
diffcs	-0.83	1.8	0.0105	0.0062328	0.0010521
diffcs	-0.50	1.8	0.0040	0.0062028	0.0003624
diffcs	-0.17	1.8	0.0272	0.01006128	0.00245072
diffcs	0.17	1.8	0.0209	0.00937365	0.0021109
diffcs	0.50	1.8	0.0203	0.00893606	0.0025578
diffcs	0.83	1.8	0.0229	0.01082712	0.00299761
diffcs	-0.83	1.9	0.0174	0.00658416	0.00196446
diffcs	-0.50	1.9	0.0035	0.0040635	0.000399
diffcs	-0.17	1.9	0.0218	0.00905572	0.00237402
diffcs	0.17	1.9	0.0180	0.0092826	0.0021888
diffcs	0.50	1.9	0.0222	0.00926406	0.00305472
diffcs	0.83	1.9	0.0209	0.01044164	0.0029887
diffcs	-0.83	2.0	0.0067	0.00423038	0.00075844
diffcs	-0.50	2.0	0.0049	0.00499751	0.00053165
diffcs	-0.17	2.0	0.0036	0.00514296	0.00036864
diffcs	0.17	2.0	0.0212	0.008586	0.00266908
diffcs	0.50	2.0	0.0152	0.00838128	0.00219944
diffcs	0.83	2.0	0.0218	0.0094612	0.00314792
diffcs	-0.83	2.1	0.0112	0.00514752	0.00140672
diffcs	-0.50	2.1	0.0065	0.00396695	0.0008151
diffcs	-0.17	2.1	0.0157	0.00772754	0.00172857
diffcs	0.17	2.1	0.0139	0.00746569	0.0018904
diffcs	0.50	2.1	0.0221	0.00900575	0.00339235
diffcs	0.83	2.1	0.0275	0.01113475	0.00418
diffcs	-0.83	2.2	0.0075	0.00427125	0.00083925
diffcs	-0.50	2.2	0.0047	0.00364814	0.00051512
diffcs	-0.17	2.2	0.0166	0.00749656	0.00168988
diffcs	0.17	2.2	0.0112	0.00668416	0.00144144
diffcs	0.50	2.2	0.0170	0.0085952	0.0024769
diffcs	0.83	2.2	0.0140	0.0080122	0.0019558


# Results published in:
# Castelijns et al.
# Nucleon resonance decay by the K0S+ channel
# EPJ A31, 61 (2007)
# and Ph.D. thesis Castelijns
