$vars: / & costhkcm & wlab (GeV) & P


P   -0.83   1.1   -0.2551   0.5840
P   -0.50   1.1    1.0526   1.3679
P   -0.17   1.1    0.3950   0.5424
P    0.17   1.1    0.2268   0.8980
P    0.50   1.1   -0.0187   0.5193
P    0.83   1.1   -0.1004   0.7859
P   -0.83   1.2   -0.4317   0.4375
P   -0.50   1.2   -0.5076   0.4737
P   -0.17   1.2   -0.0866   0.4018
P    0.17   1.2    0.5442   0.8671
P    0.50   1.2    0.4515   0.5965
P    0.83   1.2    0.6504   0.7335
P   -0.83   1.3    0.1095   0.3460
P   -0.50   1.3    0.9154   0.3218
P   -0.17   1.3    0.8005   0.2744
P    0.17   1.3    0.4973   0.2779
P    0.50   1.3    0.8046   0.3822
P    0.83   1.3    0.0697   0.3600
P   -0.83   1.4   -0.4790   0.3473
P   -0.50   1.4    0.7972   0.2738
P   -0.17   1.4    0.6757   0.2278
P    0.17   1.4    0.7526   0.2673
P    0.50   1.4    0.2655   0.2591
P    0.83   1.4   -0.0638   0.5592
P   -0.83   1.5    0.1855   0.4991
P   -0.50   1.5    0.4599   0.3563
P   -0.17   1.5    0.9394   0.5805
P    0.17   1.5    0.3873   0.2200
P    0.50   1.5    0.2857   0.3998
P    0.83   1.5    0.1559   0.1891
P   -0.83   1.6   -0.5620   0.7874
P   -0.50   1.6    0.2616   0.5880
P   -0.17   1.6    0.4460   0.3497
P    0.17   1.6    0.5070   0.3622
P    0.50   1.6    0.2325   0.2527
P    0.83   1.6   -0.1907   0.1857
P   -0.83   1.7    0.7064   0.8781
P   -0.50   1.7    1.1480   1.2578
P   -0.17   1.7    0.2834   0.5387
P    0.17   1.7   -0.0959   0.3165
P    0.50   1.7    0.0722   0.2430
P    0.83   1.7   -0.4480   0.5872
P   -0.83   1.8    0.3401   1.3628
P   -0.50   1.8    0.5102   2.1657
P   -0.17   1.8    0.4252   0.3963
P    0.17   1.8   -0.3175   0.4621
P    0.50   1.8   -0.2662   0.9802
P    0.83   1.8   -1.3501   1.2082
P   -0.83   1.9    0.4753   0.5180
P   -0.50   1.9   -0.9148   1.4205
P   -0.17   1.9   -0.0600   0.4742
P    0.17   1.9    0.1655   0.5702
P    0.50   1.9    0.0215   0.4743
P    0.83   1.9   -0.4202   0.6047
P   -0.83   2.0    0.5566   1.0296
P   -0.50   2.0    1.2508   1.4556
P   -0.17   2.0    0.2268   1.3617
P    0.17   2.0    0.0258   0.4010
P    0.50   2.0    0.4654   0.8107
P    0.83   2.0    0.1855   0.5262
P   -0.83   2.1   -0.0434   0.5020
P   -0.50   2.1    0.6279   0.9220
P   -0.17   2.1    0.1458   0.4512
P    0.17   2.1    0.5566   0.7530
P    0.50   2.1   -0.2685   0.4702
P    0.83   2.1   -0.5371   0.4550
P   -0.83   2.2   -0.3292   0.8802
P   -0.50   2.2    1.2559   1.4662
P   -0.17   2.2    0.3484   0.5252
P    0.17   2.2    0.5221   0.6333
P    0.50   2.2    1.2707   0.9808
P    0.83   2.2    0.0454   0.6400


# Results published in:
# Castelijns et al.
# Nucleon resonance decay by the K0S+ channel
# EPJ A31, 61 (2007)
# and Ph.D. thesis Castelijns
