$vars: / & costhkcm & wlab (GeV) & diffcs -sysErr


diffcs	0.7	1.25	0.0229	0.0061	0.0035
diffcs	0.5	1.25	0.0232	0.0056	0.0035
diffcs	0.3	1.25	0.0263	0.0057	0.0040
diffcs	0.1	1.25	0.0354	0.0058	0.0054
diffcs	-0.1	1.25	0.0307	0.0060	0.0047
diffcs	-0.3	1.25	0.0454	0.0062	0.0070
diffcs	-0.5	1.25	0.0257	0.0064	0.0040
diffcs	-0.7	1.25	0.0306	0.0070	0.0047
diffcs	0.7	1.45	0.0617	0.0064	0.0067
diffcs	0.5	1.45	0.0540	0.0055	0.0060
diffcs	0.3	1.45	0.0582	0.0054	0.0063
diffcs	0.1	1.45	0.0425	0.0050	0.0046
diffcs	-0.1	1.45	0.0469	0.0052	0.0051
diffcs	-0.3	1.45	0.0535	0.0050	0.0058
diffcs	-0.5	1.45	0.0334	0.0051	0.0036
diffcs	-0.7	1.45	0.0401	0.0061	0.0044
diffcs	0.7	1.65	0.0633	0.0042	0.0065
diffcs	0.5	1.65	0.0472	0.0031	0.0049
diffcs	0.3	1.65	0.0413	0.0027	0.0043
diffcs	0.1	1.65	0.0405	0.0026	0.0042
diffcs	-0.1	1.65	0.0326	0.0024	0.0034
diffcs	-0.3	1.65	0.0182	0.0023	0.0019
diffcs	-0.5	1.65	0.0115	0.0022	0.0012
diffcs	-0.7	1.65	0.0076	0.0027	0.0008
diffcs	0.7	1.85	0.0292	0.0038	0.0041
diffcs	0.5	1.85	0.0322	0.0026	0.0045
diffcs	0.3	1.85	0.0232	0.0021	0.0033
diffcs	0.1	1.85	0.0221	0.0020	0.0031
diffcs	-0.1	1.85	0.0166	0.0018	0.0023
diffcs	-0.3	1.85	0.0160	0.0019	0.0023
diffcs	-0.5	1.85	0.0042	0.0017	0.0006
diffcs	-0.7	1.85	0.0020	0.0021	0.0003
diffcs	0.7	2.05	0.0221	0.0036	0.0036
diffcs	0.5	2.05	0.0181	0.0022	0.0030
diffcs	0.3	2.05	0.0167	0.0017	0.0027
diffcs	0.1	2.05	0.0165	0.0016	0.0027
diffcs	-0.1	2.05	0.0178	0.0015	0.0029
diffcs	-0.3	2.05	0.0098	0.0015	0.0016
diffcs	-0.5	2.05	0.0026	0.0015	0.0004
diffcs	-0.7	2.05	0.0037	0.0018	0.0006
diffcs	0.7	2.25	0.0164	0.0034	0.0015
diffcs	0.5	2.25	0.0171	0.0021	0.0016
diffcs	0.3	2.25	0.0131	0.0016	0.0012
diffcs	0.1	2.25	0.0107	0.0015	0.0010
diffcs	-0.1	2.25	0.0134	0.0014	0.0013
diffcs	-0.3	2.25	0.0100	0.0014	0.0009
diffcs	-0.5	2.25	0.0042	0.0013	0.0004
diffcs	-0.7	2.25	0.0016	0.0016	0.0002


# Results published in:
# Ph.D. of B.Carnahan, Catholic university of America, Washington (2003)
